0 0.21634615384615385 0.3545673076923077 0.12259615384615384 0.14182692307692307
0 0.7223557692307693 0.33533653846153844 0.18509615384615385 0.11298076923076923
0 0.7175480769230769 0.3293269230769231 0.055288461538461536 0.016826923076923076
0 0.7824519230769231 0.3245192307692308 0.07932692307692307 0.04807692307692308
0 0.1778846153846154 0.3449519230769231 0.04326923076923077 0.0889423076923077
0 0.38100961538461536 0.328125 0.15384615384615385 0.11778846153846154
0 0.4795673076923077 0.31971153846153844 0.06490384615384616 0.0889423076923077
0 0.1201923076923077 0.33052884615384615 0.052884615384615384 0.04326923076923077
0 0.31490384615384615 0.32091346153846156 0.10096153846153846 0.07932692307692307
0 0.5492788461538461 0.31009615384615385 0.040865384615384616 0.05048076923076923
0 0.6586538461538461 0.4855769230769231 0.026442307692307692 0.019230769230769232
0 0.2956730769230769 0.4879807692307692 0.026442307692307692 0.016826923076923076
0 0.25240384615384615 0.4831730769230769 0.02403846153846154 0.016826923076923076
0 0.3473557692307692 0.47115384615384615 0.052884615384615384 0.021634615384615384
0 0.34134615384615385 0.4699519230769231 0.05048076923076923 0.026442307692307692
0 0.4110576923076923 0.4675480769230769 0.04567307692307692 0.028846153846153848
0 0.4651442307692308 0.4579326923076923 0.036057692307692304 0.019230769230769232
0 0.6899038461538461 0.4483173076923077 0.02403846153846154 0.03365384615384615
0 0.3473557692307692 0.39783653846153844 0.04326923076923077 0.04807692307692308
0 0.7175480769230769 0.36899038461538464 0.04807692307692308 0.057692307692307696
0 0.4807692307692308 0.3641826923076923 0.07211538461538461 0.10096153846153846
0 0.5889423076923077 0.3545673076923077 0.11538461538461539 0.09134615384615384
