0 0.9495192307692307 0.4254807692307692 0.09615384615384616 0.125
0 0.5360576923076923 0.36658653846153844 0.13221153846153846 0.1778846153846154
0 0.6382211538461539 0.34615384615384615 0.07211538461538461 0.10096153846153846
0 0.484375 0.5528846153846154 0.040865384615384616 0.0625
0 0.5925480769230769 0.5600961538461539 0.06971153846153846 0.07211538461538461
0 0.3942307692307692 0.5216346153846154 0.02403846153846154 0.04326923076923077
0 0.6153846153846154 0.5300480769230769 0.05048076923076923 0.07451923076923077
0 0.4567307692307692 0.5096153846153846 0.057692307692307696 0.08173076923076923
0 0.5300480769230769 0.4891826923076923 0.055288461538461536 0.06009615384615385
0 0.4026442307692308 0.4206730769230769 0.0625 0.12980769230769232
0 0.6021634615384616 0.43028846153846156 0.09375 0.08653846153846154
