0 0.4266826923076923 0.7716346153846154 0.07932692307692307 0.08413461538461539
0 0.33052884615384615 0.7211538461538461 0.06009615384615385 0.07211538461538461
0 0.4795673076923077 0.7163461538461539 0.10817307692307693 0.10817307692307693
0 0.36778846153846156 0.703125 0.06971153846153846 0.04326923076923077
0 0.5432692307692307 0.6838942307692307 0.057692307692307696 0.1466346153846154
0 0.22235576923076922 0.41947115384615385 0.08653846153846154 0.08413461538461539
0 0.23918269230769232 0.40024038461538464 0.12980769230769232 0.13701923076923078
0 0.6850961538461539 0.3701923076923077 0.0673076923076923 0.07692307692307693
0 0.6105769230769231 0.3701923076923077 0.09134615384615384 0.08413461538461539
0 0.5108173076923077 0.3545673076923077 0.040865384615384616 0.06971153846153846
0 0.3701923076923077 0.3557692307692308 0.06009615384615385 0.1346153846153846
0 0.32091346153846156 0.3317307692307692 0.057692307692307696 0.15865384615384615
0 0.47716346153846156 0.328125 0.04807692307692308 0.13221153846153846
0 0.5276442307692307 0.3088942307692308 0.09134615384615384 0.1201923076923077
0 0.03245192307692308 0.3125 0.0625 0.05048076923076923
0 0.6009615384615384 0.29086538461538464 0.0673076923076923 0.13701923076923078
0 0.7331730769230769 0.27884615384615385 0.0625 0.09375
0 0.9038461538461539 0.2512019230769231 0.1201923076923077 0.06971153846153846
0 0.7644230769230769 0.23798076923076922 0.03365384615384615 0.038461538461538464
0 0.8329326923076923 0.234375 0.026442307692307692 0.04567307692307692
