0 0.42908653846153844 0.78125 0.09375 0.1778846153846154
0 0.8028846153846154 0.7487980769230769 0.27403846153846156 0.14903846153846154
0 0.38822115384615385 0.8064903846153846 0.3485576923076923 0.38221153846153844
0 0.15625 0.8581730769230769 0.10096153846153846 0.19951923076923078
0 0.6971153846153846 0.8557692307692307 0.1346153846153846 0.17307692307692307
0 0.5817307692307693 0.12980769230769232 0.10817307692307693 0.12740384615384615
0 0.6081730769230769 0.13822115384615385 0.2091346153846154 0.1466346153846154
0 0.36538461538461536 0.18870192307692307 0.27163461538461536 0.16826923076923078
0 0.8161057692307693 0.29086538461538464 0.10576923076923077 0.15625
0 0.7139423076923077 0.3629807692307692 0.10096153846153846 0.15144230769230768
0 0.8918269230769231 0.43509615384615385 0.09375 0.1778846153846154
0 0.14302884615384615 0.5372596153846154 0.1658653846153846 0.14903846153846154
0 0.6706730769230769 0.5180288461538461 0.18990384615384615 0.23317307692307693
0 0.7415865384615384 0.5793269230769231 0.5120192307692307 0.8125
0 0.78125 0.6466346153846154 0.15144230769230768 0.21875
0 0.12980769230769232 0.7548076923076923 0.21394230769230768 0.4375
0 0.7536057692307693 0.6875 0.4230769230769231 0.3918269230769231
