0 0.7632211538461539 0.6069711538461539 0.036057692307692304 0.040865384615384616
0 0.8112980769230769 0.6454326923076923 0.052884615384615384 0.052884615384615384
0 0.5552884615384616 0.6634615384615384 0.040865384615384616 0.052884615384615384
0 0.4254807692307692 0.6430288461538461 0.44711538461538464 0.24519230769230768
0 0.41466346153846156 0.6454326923076923 0.07932692307692307 0.09615384615384616
0 0.5949519230769231 0.6790865384615384 0.10576923076923077 0.15144230769230768
0 0.4375 0.6586538461538461 0.2932692307692308 0.19951923076923078
0 0.5408653846153846 0.7091346153846154 0.05048076923076923 0.0673076923076923
0 0.3076923076923077 0.6754807692307693 0.07692307692307693 0.08653846153846154
0 0.19110576923076922 0.65625 0.06490384615384616 0.07451923076923077
0 0.2536057692307692 0.6850961538461539 0.06490384615384616 0.07932692307692307
0 0.8173076923076923 0.7800480769230769 0.0625 0.06971153846153846
