0 0.7367788461538461 0.44471153846153844 0.1971153846153846 0.06971153846153846
0 0.32211538461538464 0.5360576923076923 0.10576923076923077 0.06490384615384616
0 0.42788461538461536 0.48677884615384615 0.06971153846153846 0.06971153846153846
0 0.5576923076923077 0.4567307692307692 0.11538461538461539 0.08653846153846154
0 0.25 0.5180288461538461 0.15384615384615385 0.10096153846153846
0 0.6502403846153846 0.4014423076923077 0.6802884615384616 0.3004807692307692
0 0.3786057692307692 0.453125 0.06009615384615385 0.05048076923076923
0 0.703125 0.375 0.11057692307692307 0.0889423076923077
0 0.8762019230769231 0.33052884615384615 0.19471153846153846 0.10336538461538461
0 0.7680288461538461 0.5480769230769231 0.2692307692307692 0.10817307692307693
0 0.5336538461538461 0.5949519230769231 0.19951923076923078 0.08413461538461539
