0 0.15504807692307693 0.6322115384615384 0.15384615384615385 0.21153846153846154
0 0.359375 0.6201923076923077 0.0889423076923077 0.15384615384615385
0 0.08052884615384616 0.7139423076923077 0.12740384615384615 0.21634615384615385
0 0.49759615384615385 0.6141826923076923 0.23076923076923078 0.22355769230769232
0 0.9399038461538461 0.5072115384615384 0.11538461538461539 0.20673076923076922
0 0.8737980769230769 0.5576923076923077 0.13221153846153846 0.1466346153846154
0 0.47836538461538464 0.6778846153846154 0.5048076923076923 0.19471153846153846
0 0.6682692307692307 0.6370192307692307 0.15625 0.1778846153846154
0 0.3016826923076923 0.7439903846153846 0.33413461538461536 0.24519230769230768
0 0.5240384615384616 0.6778846153846154 0.9471153846153846 0.6394230769230769
0 0.9290865384615384 0.6262019230769231 0.13701923076923078 0.1658653846153846
0 0.7668269230769231 0.6802884615384616 0.15384615384615385 0.2091346153846154
