0 0.44350961538461536 0.7211538461538461 0.11538461538461539 0.09375
0 0.5096153846153846 0.7331730769230769 0.17307692307692307 0.14182692307692307
0 0.5745192307692307 0.7319711538461539 0.057692307692307696 0.04567307692307692
0 0.6862980769230769 0.7295673076923077 0.08173076923076923 0.057692307692307696
0 0.7271634615384616 0.7307692307692307 0.18028846153846154 0.10336538461538461
0 0.7439903846153846 0.7331730769230769 0.07932692307692307 0.04567307692307692
0 0.7848557692307693 0.7331730769230769 0.0673076923076923 0.06009615384615385
0 0.4266826923076923 0.6430288461538461 0.23798076923076922 0.16826923076923078
0 0.6189903846153846 0.6778846153846154 0.15865384615384615 0.12980769230769232
0 0.3137019230769231 0.5925480769230769 0.08173076923076923 0.07932692307692307
0 0.44591346153846156 0.5853365384615384 0.13221153846153846 0.0889423076923077
0 0.24519230769230768 0.5348557692307693 0.0673076923076923 0.05048076923076923
0 0.34615384615384615 0.5300480769230769 0.11538461538461539 0.1201923076923077
0 0.43509615384615385 0.5300480769230769 0.11057692307692307 0.12259615384615384
0 0.5324519230769231 0.5372596153846154 0.15384615384615385 0.11538461538461539
0 0.35697115384615385 0.43149038461538464 0.16105769230769232 0.14423076923076922
0 0.45072115384615385 0.21634615384615385 0.08413461538461539 0.07451923076923077
0 0.5649038461538461 0.234375 0.08413461538461539 0.0985576923076923
0 0.7127403846153846 0.2668269230769231 0.07932692307692307 0.0673076923076923
0 0.390625 0.15384615384615385 0.18509615384615385 0.11538461538461539
0 0.3088942307692308 0.057692307692307696 0.16105769230769232 0.11538461538461539
0 0.4723557692307692 0.7884615384615384 0.07211538461538461 0.0625
