0 0.5420673076923077 0.3389423076923077 0.2548076923076923 0.13942307692307693
0 0.8040865384615384 0.5192307692307693 0.14182692307692307 0.17307692307692307
0 0.11538461538461539 0.6105769230769231 0.23076923076923078 0.16826923076923078
0 0.09134615384615384 0.6129807692307693 0.18269230769230768 0.23557692307692307
0 0.390625 0.6262019230769231 0.10096153846153846 0.2283653846153846
0 0.8269230769230769 0.6370192307692307 0.19951923076923078 0.23076923076923078
0 0.45913461538461536 0.7067307692307693 0.21875 0.14423076923076922
0 0.7151442307692307 0.7451923076923077 0.09615384615384616 0.0889423076923077
0 0.6153846153846154 0.7451923076923077 0.13701923076923078 0.0889423076923077
0 0.6298076923076923 0.8341346153846154 0.125 0.07451923076923077
