0 0.5504807692307693 0.6466346153846154 0.07451923076923077 0.07932692307692307
0 0.09735576923076923 0.5769230769230769 0.14903846153846154 0.08653846153846154
0 0.4651442307692308 0.6394230769230769 0.04807692307692308 0.04326923076923077
0 0.8269230769230769 0.7091346153846154 0.040865384615384616 0.052884615384615384
0 0.9290865384615384 0.7307692307692307 0.08413461538461539 0.08173076923076923
0 0.7680288461538461 0.7403846153846154 0.07211538461538461 0.04567307692307692
0 0.6586538461538461 0.7331730769230769 0.0985576923076923 0.11298076923076923
0 0.4266826923076923 0.7211538461538461 0.09134615384615384 0.0889423076923077
0 0.2932692307692308 0.2283653846153846 0.1778846153846154 0.14903846153846154
0 0.27283653846153844 0.25961538461538464 0.04807692307692308 0.06490384615384616
0 0.3317307692307692 0.28365384615384615 0.0625 0.07211538461538461
0 0.3581730769230769 0.5492788461538461 0.07932692307692307 0.13942307692307693
0 0.49759615384615385 0.5901442307692307 0.052884615384615384 0.055288461538461536
