0 0.28125 0.3870192307692308 0.08653846153846154 0.12980769230769232
0 0.359375 0.34134615384615385 0.13221153846153846 0.15384615384615385
0 0.4026442307692308 0.31490384615384615 0.1466346153846154 0.21153846153846154
0 0.20072115384615385 0.40024038461538464 0.22596153846153846 0.3317307692307692
0 0.22235576923076922 0.31971153846153844 0.3125 0.30528846153846156
0 0.47475961538461536 0.5673076923076923 0.09134615384615384 0.10576923076923077
0 0.453125 0.5733173076923077 0.1875 0.18269230769230768
0 0.4639423076923077 0.5504807692307693 0.0673076923076923 0.08413461538461539
0 0.4014423076923077 0.5625 0.10096153846153846 0.10096153846153846
0 0.47836538461538464 0.3473557692307692 0.07692307692307693 0.0889423076923077
0 0.47475961538461536 0.33533653846153844 0.17067307692307693 0.21153846153846154
