0 0.26802884615384615 0.6634615384615384 0.04326923076923077 0.04567307692307692
0 0.22956730769230768 0.7115384615384616 0.06009615384615385 0.06009615384615385
0 0.48197115384615385 0.671875 0.05048076923076923 0.057692307692307696
0 0.6045673076923077 0.6225961538461539 0.46153846153846156 0.3269230769230769
0 0.6153846153846154 0.6225961538461539 0.09375 0.10576923076923077
0 0.4483173076923077 0.6959134615384616 0.13221153846153846 0.16105769230769232
0 0.5973557692307693 0.640625 0.31009615384615385 0.25
0 0.5072115384615384 0.7139423076923077 0.0625 0.07211538461538461
0 0.7259615384615384 0.6274038461538461 0.0889423076923077 0.09615384615384616
0 0.8353365384615384 0.5829326923076923 0.07451923076923077 0.08173076923076923
0 0.78125 0.625 0.07692307692307693 0.08653846153846154
0 0.2536057692307692 0.84375 0.07211538461538461 0.07692307692307693
