0 0.4387019230769231 0.17307692307692307 0.07692307692307693 0.10336538461538461
0 0.5216346153846154 0.14543269230769232 0.14423076923076922 0.14423076923076922
0 0.6021634615384616 0.15985576923076922 0.6514423076923077 0.31971153846153844
0 0.6334134615384616 0.07451923076923077 0.13221153846153846 0.14903846153846154
0 0.38822115384615385 0.09254807692307693 0.16346153846153846 0.15144230769230768
0 0.5252403846153846 0.06009615384615385 0.14182692307692307 0.1201923076923077
0 0.1622596153846154 0.12860576923076922 0.17548076923076922 0.14182692307692307
0 0.08173076923076923 0.14302884615384615 0.13221153846153846 0.11778846153846154
0 0.546875 0.6514423076923077 0.21394230769230768 0.2668269230769231
0 0.9399038461538461 0.5048076923076923 0.11538461538461539 0.22596153846153846
0 0.7560096153846154 0.5540865384615384 0.18990384615384615 0.17067307692307693
0 0.49278846153846156 0.5889423076923077 0.14423076923076922 0.15625
0 0.6466346153846154 0.5372596153846154 0.14423076923076922 0.21634615384615385
0 0.34134615384615385 0.6105769230769231 0.15144230769230768 0.15144230769230768
0 0.359375 0.6045673076923077 0.3870192307692308 0.25
0 0.22716346153846154 0.6201923076923077 0.13942307692307693 0.09134615384615384
0 0.36899038461538464 0.5456730769230769 0.11298076923076923 0.10336538461538461
0 0.7512019230769231 0.42427884615384615 0.31971153846153844 0.2620192307692308
0 0.4735576923076923 0.38341346153846156 0.10817307692307693 0.12740384615384615
0 0.6574519230769231 0.27283653846153844 0.13221153846153846 0.19471153846153846
0 0.8040865384615384 0.1310096153846154 0.2668269230769231 0.2620192307692308
