0 0.5757211538461539 0.6105769230769231 0.08173076923076923 0.09134615384615384
0 0.578125 0.6141826923076923 0.07932692307692307 0.08653846153846154
0 0.515625 0.6009615384615384 0.2548076923076923 0.22355769230769232
0 0.4891826923076923 0.5949519230769231 0.07932692307692307 0.08653846153846154
0 0.5288461538461539 0.6177884615384616 0.08173076923076923 0.0889423076923077
0 0.43990384615384615 0.5685096153846154 0.07451923076923077 0.08173076923076923
0 0.43990384615384615 0.5817307692307693 0.08413461538461539 0.09375
0 0.484375 0.6141826923076923 0.07692307692307693 0.10096153846153846
0 0.30288461538461536 0.6490384615384616 0.09375 0.0985576923076923
0 0.4639423076923077 0.7884615384615384 0.052884615384615384 0.06009615384615385
0 0.3125 0.7115384615384616 0.1466346153846154 0.11538461538461539
0 0.484375 0.8100961538461539 0.1658653846153846 0.15384615384615385
0 0.23076923076923078 0.6634615384615384 0.0889423076923077 0.0889423076923077
0 0.39783653846153844 0.7776442307692307 0.07932692307692307 0.0889423076923077
0 0.30288461538461536 0.7355769230769231 0.31971153846153844 0.2860576923076923
0 0.515625 0.8653846153846154 0.07932692307692307 0.08413461538461539
0 0.4014423076923077 0.8401442307692307 0.14182692307692307 0.10336538461538461
0 0.29086538461538464 0.7860576923076923 0.125 0.12980769230769232
0 0.13221153846153846 0.7067307692307693 0.0673076923076923 0.06490384615384616
0 0.0625 0.7307692307692307 0.09615384615384616 0.09375
