0 0.5540865384615384 0.375 0.06490384615384616 0.11057692307692307
0 0.703125 0.32091346153846156 0.2644230769230769 0.31009615384615385
0 0.19831730769230768 0.41947115384615385 0.14182692307692307 0.125
0 0.5865384615384616 0.328125 0.6274038461538461 0.5817307692307693
0 0.7980769230769231 0.2403846153846154 0.07451923076923077 0.11298076923076923
0 0.38100961538461536 0.25600961538461536 0.28365384615384615 0.31971153846153844
0 0.15384615384615385 0.3004807692307692 0.14903846153846154 0.16826923076923078
0 0.43149038461538464 0.24519230769230768 0.7860576923076923 0.49038461538461536
0 0.49399038461538464 0.18389423076923078 0.10576923076923077 0.15865384615384615
0 0.25841346153846156 0.12139423076923077 0.18990384615384615 0.18028846153846154
0 0.6237980769230769 0.055288461538461536 0.11298076923076923 0.11057692307692307
0 0.7536057692307693 0.028846153846153848 0.13221153846153846 0.057692307692307696
0 0.6009615384615384 0.5889423076923077 0.055288461538461536 0.08653846153846154
0 0.6826923076923077 0.5228365384615384 0.040865384615384616 0.07211538461538461
0 0.44350961538461536 0.5420673076923077 0.07692307692307693 0.10576923076923077
0 0.7572115384615384 0.46634615384615385 0.08173076923076923 0.10096153846153846
0 0.6370192307692307 0.4831730769230769 0.3076923076923077 0.28365384615384615
