0 0.6069711538461539 0.6177884615384616 0.14903846153846154 0.1971153846153846
0 0.4543269230769231 0.6682692307692307 0.20673076923076922 0.2668269230769231
0 0.5709134615384616 0.6610576923076923 0.1658653846153846 0.16826923076923078
0 0.6742788461538461 0.6802884615384616 0.17067307692307693 0.2091346153846154
0 0.7776442307692307 0.6995192307692307 0.43990384615384615 0.5288461538461539
0 0.9290865384615384 0.7211538461538461 0.13701923076923078 0.20673076923076922
0 0.7331730769230769 0.828125 0.27163461538461536 0.2403846153846154
0 0.5144230769230769 0.25600961538461536 0.11778846153846154 0.0985576923076923
0 0.5480769230769231 0.31971153846153844 0.125 0.12740384615384615
0 0.7536057692307693 0.27884615384615385 0.07932692307692307 0.11298076923076923
0 0.5829326923076923 0.4050480769230769 0.14182692307692307 0.15384615384615385
0 0.8725961538461539 0.37259615384615385 0.21153846153846154 0.1971153846153846
