0 0.7115384615384616 0.6478365384615384 0.057692307692307696 0.026442307692307692
0 0.8533653846153846 0.6610576923076923 0.11778846153846154 0.09375
0 0.5805288461538461 0.5240384615384616 0.09134615384615384 0.10336538461538461
0 0.13942307692307693 0.45913461538461536 0.11298076923076923 0.12259615384615384
0 0.8605769230769231 0.5108173076923077 0.0985576923076923 0.1201923076923077
0 0.7211538461538461 0.4723557692307692 0.07451923076923077 0.08173076923076923
0 0.5949519230769231 0.4519230769230769 0.24759615384615385 0.44471153846153844
0 0.21514423076923078 0.39783653846153844 0.43028846153846156 0.34134615384615385
0 0.875 0.47836538461538464 0.21394230769230768 0.27403846153846156
0 0.3076923076923077 0.3894230769230769 0.11057692307692307 0.11057692307692307
0 0.453125 0.40384615384615385 0.08653846153846154 0.13221153846153846
