0 0.3401442307692308 0.6370192307692307 0.06971153846153846 0.07451923076923077
0 0.6394230769230769 0.4987980769230769 0.1346153846153846 0.1201923076923077
0 0.4411057692307692 0.6983173076923077 0.16346153846153846 0.15625
0 0.26802884615384615 0.8016826923076923 0.14182692307692307 0.1466346153846154
0 0.7692307692307693 0.5528846153846154 0.14423076923076922 0.12740384615384615
0 0.6923076923076923 0.6382211538461539 0.15625 0.1658653846153846
0 0.45552884615384615 0.7319711538461539 0.46875 0.53125
0 0.6358173076923077 0.703125 0.12980769230769232 0.15865384615384615
0 0.4675480769230769 0.8293269230769231 0.1658653846153846 0.18990384615384615
0 0.49158653846153844 0.8076923076923077 0.37259615384615385 0.3798076923076923
0 0.8401442307692307 0.6706730769230769 0.15144230769230768 0.12980769230769232
0 0.2980769230769231 0.9387019230769231 0.25 0.11778846153846154
0 0.9194711538461539 0.7055288461538461 0.15625 0.2764423076923077
0 0.7247596153846154 0.8605769230769231 0.16105769230769232 0.17548076923076922
0 0.5420673076923077 0.48197115384615385 0.12259615384615384 0.10576923076923077
0 0.4387019230769231 0.5745192307692307 0.0889423076923077 0.08413461538461539
0 0.25961538461538464 0.6706730769230769 0.11538461538461539 0.1201923076923077
