0 0.32211538461538464 0.44350961538461536 0.057692307692307696 0.08413461538461539
0 0.8088942307692307 0.6730769230769231 0.14182692307692307 0.23076923076923078
0 0.6766826923076923 0.6490384615384616 0.2091346153846154 0.28125
0 0.40384615384615385 0.5817307692307693 0.18269230769230768 0.23798076923076922
0 0.5300480769230769 0.6382211538461539 0.10336538461538461 0.14423076923076922
0 0.3161057692307692 0.5733173076923077 0.08173076923076923 0.12740384615384615
0 0.5420673076923077 0.625 0.8341346153846154 0.7451923076923077
0 0.31971153846153844 0.6983173076923077 0.09134615384615384 0.20192307692307693
0 0.6862980769230769 0.8798076923076923 0.09134615384615384 0.1658653846153846
0 0.36538461538461536 0.7872596153846154 0.13942307692307693 0.22596153846153846
0 0.6682692307692307 0.8966346153846154 0.14423076923076922 0.20192307692307693
0 0.328125 0.8197115384615384 0.09375 0.13942307692307693
0 0.44471153846153844 0.8725961538461539 0.21634615384615385 0.25
0 0.6153846153846154 0.390625 0.11778846153846154 0.10096153846153846
0 0.5120192307692307 0.3545673076923077 0.055288461538461536 0.07692307692307693
