0 0.4879807692307692 0.328125 0.35336538461538464 0.18990384615384615
0 0.39302884615384615 0.36778846153846156 0.07692307692307693 0.15384615384615385
0 0.4855769230769231 0.40024038461538464 0.05048076923076923 0.08653846153846154
0 0.30288461538461536 0.5649038461538461 0.09615384615384616 0.16346153846153846
0 0.45913461538461536 0.6394230769230769 0.27884615384615385 0.3605769230769231
0 0.7427884615384616 0.6129807692307693 0.04326923076923077 0.08413461538461539
0 0.8425480769230769 0.6706730769230769 0.0985576923076923 0.13221153846153846
0 0.7728365384615384 0.7019230769230769 0.040865384615384616 0.06009615384615385
0 0.48677884615384615 0.7764423076923077 0.19230769230769232 0.2668269230769231
0 0.17067307692307693 0.8617788461538461 0.1466346153846154 0.19230769230769232
0 0.3245192307692308 0.8413461538461539 0.1658653846153846 0.22596153846153846
0 0.9026442307692307 0.7632211538461539 0.14182692307692307 0.20192307692307693
0 0.5745192307692307 0.8305288461538461 0.1875 0.33413461538461536
0 0.8112980769230769 0.8353365384615384 0.20192307692307693 0.24278846153846154
0 0.7391826923076923 0.8701923076923077 0.1346153846153846 0.18509615384615385
0 0.265625 0.9314903846153846 0.1658653846153846 0.13221153846153846
0 0.4795673076923077 0.9254807692307693 0.0625 0.13221153846153846
0 0.1466346153846154 0.9747596153846154 0.11057692307692307 0.04567307692307692
