0 0.13581730769230768 0.4519230769230769 0.09134615384615384 0.0985576923076923
0 0.31971153846153844 0.3870192307692308 0.10096153846153846 0.1875
0 0.47115384615384615 0.3473557692307692 0.15384615384615385 0.17307692307692307
0 0.21875 0.38341346153846156 0.15144230769230768 0.13701923076923078
0 0.5252403846153846 0.18990384615384615 0.18028846153846154 0.15144230769230768
0 0.2956730769230769 0.21514423076923078 0.07211538461538461 0.0673076923076923
0 0.5925480769230769 0.042067307692307696 0.07932692307692307 0.08413461538461539
0 0.30528846153846156 0.6622596153846154 0.07932692307692307 0.1201923076923077
0 0.40024038461538464 0.5829326923076923 0.10576923076923077 0.11298076923076923
0 0.21033653846153846 0.5829326923076923 0.10576923076923077 0.12980769230769232
0 0.2704326923076923 0.5084134615384616 0.11778846153846154 0.1778846153846154
0 0.4206730769230769 0.4543269230769231 0.10096153846153846 0.10096153846153846
0 0.21033653846153846 0.45913461538461536 0.24278846153846154 0.5024038461538461
