0 0.5901442307692307 0.5324519230769231 0.11298076923076923 0.0985576923076923
0 0.3485576923076923 0.5504807692307693 0.10336538461538461 0.07932692307692307
0 0.1466346153846154 0.49399038461538464 0.10096153846153846 0.07692307692307693
0 0.3293269230769231 0.5552884615384616 0.2932692307692308 0.17307692307692307
0 0.10576923076923077 0.49158653846153844 0.21153846153846154 0.13701923076923078
0 0.42427884615384615 0.5865384615384616 0.08653846153846154 0.10096153846153846
0 0.08052884615384616 0.49038461538461536 0.07932692307692307 0.06009615384615385
0 0.03125 0.4831730769230769 0.0625 0.09615384615384616
0 0.2548076923076923 0.5612980769230769 0.08173076923076923 0.07451923076923077
0 0.25 0.6935096153846154 0.0673076923076923 0.0673076923076923
0 0.5733173076923077 0.8088942307692307 0.05048076923076923 0.06971153846153846
0 0.8365384615384616 0.8978365384615384 0.0889423076923077 0.0889423076923077
0 0.7079326923076923 0.8954326923076923 0.08413461538461539 0.11057692307692307
0 0.45552884615384615 0.8413461538461539 0.09615384615384616 0.0889423076923077
0 0.20673076923076922 0.7740384615384616 0.11057692307692307 0.0985576923076923
0 0.7043269230769231 0.9158653846153846 0.15384615384615385 0.11538461538461539
0 0.039663461538461536 0.7151442307692307 0.07932692307692307 0.31971153846153844
0 0.32211538461538464 0.8209134615384616 0.6153846153846154 0.35336538461538464
0 0.7403846153846154 0.9867788461538461 0.09134615384615384 0.021634615384615384
0 0.30528846153846156 0.9050480769230769 0.15865384615384615 0.12740384615384615
0 0.5396634615384616 0.9627403846153846 0.18028846153846154 0.06971153846153846
0 0.11778846153846154 0.8653846153846154 0.19230769230769232 0.09134615384615384
