0 0.6442307692307693 0.47115384615384615 0.07692307692307693 0.0985576923076923
0 0.3112980769230769 0.7175480769230769 0.06490384615384616 0.057692307692307696
0 0.36658653846153844 0.7235576923076923 0.0889423076923077 0.11298076923076923
0 0.5048076923076923 0.71875 0.10336538461538461 0.10576923076923077
0 0.3870192307692308 0.78125 0.055288461538461536 0.028846153846153848
0 0.5865384615384616 0.8040865384615384 0.055288461538461536 0.0889423076923077
0 0.41947115384615385 0.8329326923076923 0.038461538461538464 0.0673076923076923
0 0.4963942307692308 0.8329326923076923 0.038461538461538464 0.06971153846153846
0 0.5228365384615384 0.8701923076923077 0.19471153846153846 0.23317307692307693
0 0.49278846153846156 0.8798076923076923 0.0673076923076923 0.10576923076923077
0 0.765625 0.8701923076923077 0.15144230769230768 0.21875
0 0.7463942307692307 0.8810096153846154 0.052884615384615384 0.07692307692307693
0 0.5769230769230769 0.9290865384615384 0.14903846153846154 0.07932692307692307
0 0.6814903846153846 0.9411057692307693 0.05048076923076923 0.06009615384615385
