0 0.41947115384615385 0.06129807692307692 0.08173076923076923 0.07692307692307693
0 0.359375 0.5564903846153846 0.1466346153846154 0.21153846153846154
0 0.23798076923076922 0.6201923076923077 0.11778846153846154 0.1971153846153846
0 0.24759615384615385 0.6213942307692307 0.18990384615384615 0.2620192307692308
0 0.19110576923076922 0.6346153846153846 0.125 0.11298076923076923
0 0.765625 0.5588942307692307 0.2932692307692308 0.34615384615384615
0 0.4579326923076923 0.671875 0.12259615384615384 0.20673076923076922
0 0.59375 0.6550480769230769 0.19951923076923078 0.24278846153846154
0 0.3317307692307692 0.7259615384615384 0.19951923076923078 0.14903846153846154
0 0.8545673076923077 0.6935096153846154 0.2860576923076923 0.43509615384615385
0 0.3016826923076923 0.1141826923076923 0.09615384615384616 0.0673076923076923
0 0.5336538461538461 0.12860576923076922 0.15625 0.23557692307692307
0 0.6262019230769231 0.3858173076923077 0.17307692307692307 0.16826923076923078
0 0.2620192307692308 0.47115384615384615 0.10096153846153846 0.1658653846153846
0 0.14903846153846154 0.5204326923076923 0.0889423076923077 0.0985576923076923
0 0.5036057692307693 0.5048076923076923 0.1658653846153846 0.21394230769230768
