0 0.4723557692307692 0.6430288461538461 0.9447115384615384 0.7043269230769231
0 0.31490384615384615 0.7379807692307693 0.16346153846153846 0.2620192307692308
0 0.48197115384615385 0.7800480769230769 0.21634615384615385 0.27403846153846156
0 0.13822115384615385 0.7920673076923077 0.17067307692307693 0.22596153846153846
0 0.2920673076923077 0.9290865384615384 0.11057692307692307 0.13221153846153846
0 0.38822115384615385 0.0985576923076923 0.07692307692307693 0.16105769230769232
0 0.5300480769230769 0.11298076923076923 0.052884615384615384 0.1201923076923077
0 0.5552884615384616 0.23798076923076922 0.08413461538461539 0.09375
0 0.43149038461538464 0.2704326923076923 0.0625 0.10096153846153846
0 0.49278846153846156 0.2704326923076923 0.040865384615384616 0.07692307692307693
0 0.33774038461538464 0.30649038461538464 0.10336538461538461 0.0889423076923077
0 0.7512019230769231 0.3389423076923077 0.18509615384615385 0.31009615384615385
0 0.5552884615384616 0.38100961538461536 0.09615384615384616 0.25
0 0.8233173076923077 0.41947115384615385 0.1466346153846154 0.22115384615384615
0 0.31971153846153844 0.05048076923076923 0.06009615384615385 0.0889423076923077
0 0.3137019230769231 0.4855769230769231 0.1201923076923077 0.22115384615384615
0 0.4098557692307692 0.056490384615384616 0.3076923076923077 0.11298076923076923
0 0.3918269230769231 0.5600961538461539 0.13701923076923078 0.23798076923076922
0 0.6502403846153846 0.5745192307692307 0.10576923076923077 0.3389423076923077
0 0.1201923076923077 0.5889423076923077 0.10576923076923077 0.21394230769230768
