0 0.5576923076923077 0.5949519230769231 0.18509615384615385 0.1778846153846154
0 0.5192307692307693 0.7283653846153846 0.17307692307692307 0.17548076923076922
0 0.5192307692307693 0.7728365384615384 0.2860576923076923 0.27403846153846156
0 0.3918269230769231 0.8786057692307693 0.2548076923076923 0.2283653846153846
0 0.8257211538461539 0.2704326923076923 0.10817307692307693 0.0985576923076923
0 0.7944711538461539 0.27524038461538464 0.15144230769230768 0.13701923076923078
0 0.4483173076923077 0.1875 0.25 0.29086538461538464
0 0.4026442307692308 0.22355769230769232 0.39903846153846156 0.4206730769230769
0 0.3713942307692308 0.24759615384615385 0.28365384615384615 0.31971153846153844
0 0.7403846153846154 0.49399038461538464 0.16826923076923078 0.21394230769230768
0 0.6454326923076923 0.5108173076923077 0.1658653846153846 0.2091346153846154
0 0.71875 0.6009615384615384 0.41586538461538464 0.46153846153846156
