0 0.31850961538461536 0.3485576923076923 0.2668269230769231 0.2283653846153846
0 0.46634615384615385 0.29447115384615385 0.057692307692307696 0.11298076923076923
0 0.8088942307692307 0.2283653846153846 0.1658653846153846 0.3004807692307692
0 0.703125 0.19831730769230768 0.18990384615384615 0.25240384615384615
0 0.5252403846153846 0.6490384615384616 0.17307692307692307 0.12259615384615384
0 0.20192307692307693 0.6923076923076923 0.0889423076923077 0.10576923076923077
0 0.38822115384615385 0.6622596153846154 0.14423076923076922 0.10576923076923077
0 0.2776442307692308 0.6754807692307693 0.12740384615384615 0.0985576923076923
0 0.7139423076923077 0.609375 0.2403846153846154 0.16105769230769232
0 0.7896634615384616 0.39903846153846156 0.06971153846153846 0.125
