0 0.4579326923076923 0.2620192307692308 0.1346153846153846 0.14423076923076922
0 0.3605769230769231 0.2704326923076923 0.09375 0.11298076923076923
0 0.8461538461538461 0.44350961538461536 0.08173076923076923 0.12259615384615384
0 0.7908653846153846 0.44471153846153844 0.15384615384615385 0.24759615384615385
0 0.24639423076923078 0.3425480769230769 0.057692307692307696 0.10576923076923077
0 0.4326923076923077 0.3918269230769231 0.08173076923076923 0.15625
0 0.7139423076923077 0.45072115384615385 0.11298076923076923 0.2091346153846154
0 0.4495192307692308 0.4098557692307692 0.1658653846153846 0.24759615384615385
0 0.2764423076923077 0.3798076923076923 0.0985576923076923 0.18028846153846154
0 0.6923076923076923 0.08173076923076923 0.08653846153846154 0.10096153846153846
0 0.43149038461538464 0.5108173076923077 0.16826923076923078 0.18028846153846154
0 0.640625 0.5588942307692307 0.27163461538461536 0.2403846153846154
0 0.5685096153846154 0.6598557692307693 0.2403846153846154 0.3125
0 0.3545673076923077 0.6274038461538461 0.1778846153846154 0.23557692307692307
0 0.20552884615384615 0.6742788461538461 0.31971153846153844 0.5504807692307693
0 0.41346153846153844 0.7451923076923077 0.13701923076923078 0.18509615384615385
0 0.1502403846153846 0.7007211538461539 0.19230769230769232 0.2860576923076923
0 0.7067307692307693 0.8185096153846154 0.1971153846153846 0.18990384615384615
0 0.34975961538461536 0.7548076923076923 0.3557692307692308 0.3293269230769231
0 0.7475961538461539 0.2704326923076923 0.0673076923076923 0.21153846153846154
