0 0.3161057692307692 0.6021634615384616 0.0673076923076923 0.08413461538461539
0 0.18389423076923078 0.6622596153846154 0.08173076923076923 0.052884615384615384
0 0.20673076923076922 0.6935096153846154 0.04807692307692308 0.04807692307692308
0 0.41466346153846156 0.6790865384615384 0.06009615384615385 0.09375
0 0.28725961538461536 0.7055288461538461 0.14903846153846154 0.19951923076923078
0 0.36899038461538464 0.7091346153846154 0.0673076923076923 0.0889423076923077
0 0.17067307692307693 0.7584134615384616 0.11057692307692307 0.0889423076923077
0 0.5072115384615384 0.7524038461538461 0.09615384615384616 0.08173076923076923
0 0.41947115384615385 0.8076923076923077 0.0673076923076923 0.0889423076923077
0 0.21634615384615385 0.8329326923076923 0.1201923076923077 0.15865384615384615
0 0.2920673076923077 0.8449519230769231 0.08653846153846154 0.12259615384615384
0 0.14423076923076922 0.8846153846153846 0.11778846153846154 0.12740384615384615
0 0.5588942307692307 0.8365384615384616 0.09134615384615384 0.12980769230769232
0 0.3112980769230769 0.9459134615384616 0.12259615384615384 0.10336538461538461
0 0.49399038461538464 0.9435096153846154 0.11298076923076923 0.11057692307692307
