0 0.5036057692307693 0.6009615384615384 0.10817307692307693 0.18509615384615385
0 0.5721153846153846 0.6213942307692307 0.12740384615384615 0.1466346153846154
0 0.34975961538461536 0.6658653846153846 0.15144230769230768 0.16346153846153846
0 0.4411057692307692 0.25961538461538464 0.13221153846153846 0.14903846153846154
0 0.5805288461538461 0.31490384615384615 0.12980769230769232 0.17067307692307693
0 0.2980769230769231 0.28846153846153844 0.14903846153846154 0.15144230769230768
0 0.48677884615384615 0.35216346153846156 0.08413461538461539 0.15144230769230768
0 0.44350961538461536 0.36899038461538464 0.4639423076923077 0.5360576923076923
0 0.6706730769230769 0.46033653846153844 0.11538461538461539 0.1971153846153846
0 0.7211538461538461 0.5084134615384616 0.3581730769230769 0.5745192307692307
0 0.33413461538461536 0.4795673076923077 0.14423076923076922 0.18990384615384615
0 0.8125 0.6189903846153846 0.16826923076923078 0.13701923076923078
