0 0.7235576923076923 0.25841346153846156 0.07932692307692307 0.06971153846153846
0 0.7103365384615384 0.3389423076923077 0.08653846153846154 0.07692307692307693
0 0.45913461538461536 0.3870192307692308 0.18990384615384615 0.10336538461538461
0 0.17668269230769232 0.5108173076923077 0.13701923076923078 0.16826923076923078
0 0.23557692307692307 0.5985576923076923 0.13221153846153846 0.13942307692307693
0 0.6730769230769231 0.6009615384615384 0.18028846153846154 0.15865384615384615
0 0.7704326923076923 0.7668269230769231 0.25240384615384615 0.27403846153846156
0 0.9471153846153846 0.7764423076923077 0.10096153846153846 0.30288461538461536
0 0.5733173076923077 0.8798076923076923 0.20192307692307693 0.23798076923076922
0 0.7980769230769231 0.9206730769230769 0.16105769230769232 0.13942307692307693
