0 0.6286057692307693 0.2644230769230769 0.07932692307692307 0.09615384615384616
0 0.5168269230769231 0.32572115384615385 0.37740384615384615 0.35336538461538464
0 0.4182692307692308 0.34975961538461536 0.6754807692307693 0.27403846153846156
0 0.6935096153846154 0.2956730769230769 0.057692307692307696 0.07451923076923077
0 0.16826923076923078 0.8076923076923077 0.15865384615384615 0.23076923076923078
0 0.8461538461538461 0.6875 0.30288461538461536 0.5096153846153846
0 0.3762019230769231 0.7872596153846154 0.33653846153846156 0.4182692307692308
0 0.08653846153846154 0.8197115384615384 0.1346153846153846 0.3557692307692308
0 0.4891826923076923 0.8990384615384616 0.37740384615384615 0.1971153846153846
0 0.22235576923076922 0.9387019230769231 0.2956730769230769 0.11778846153846154
0 0.5012019230769231 0.171875 0.11778846153846154 0.08653846153846154
