0 0.6153846153846154 0.5492788461538461 0.09615384615384616 0.08653846153846154
0 0.28365384615384615 0.8004807692307693 0.10817307692307693 0.0889423076923077
0 0.8521634615384616 0.5336538461538461 0.09134615384615384 0.07692307692307693
0 0.7932692307692307 0.6382211538461539 0.11057692307692307 0.11538461538461539
0 0.36658653846153844 0.8461538461538461 0.12980769230769232 0.15625
0 0.96875 0.6454326923076923 0.057692307692307696 0.07211538461538461
0 0.5564903846153846 0.953125 0.09375 0.08173076923076923
0 0.6682692307692307 0.9206730769230769 0.10336538461538461 0.0985576923076923
0 0.25 0.6189903846153846 0.052884615384615384 0.0625
0 0.39663461538461536 0.5661057692307693 0.06490384615384616 0.052884615384615384
0 0.65625 0.44350961538461536 0.08653846153846154 0.0985576923076923
