0 0.5733173076923077 0.7716346153846154 0.1346153846153846 0.15625
0 0.7379807692307693 0.7956730769230769 0.1201923076923077 0.10817307692307693
0 0.11899038461538461 0.42788461538461536 0.23798076923076922 0.32211538461538464
0 0.06610576923076923 0.3798076923076923 0.13221153846153846 0.16826923076923078
0 0.33052884615384615 0.4579326923076923 0.15865384615384615 0.18269230769230768
0 0.6923076923076923 0.5841346153846154 0.21153846153846154 0.22355769230769232
0 0.4735576923076923 0.44711538461538464 0.17067307692307693 0.12980769230769232
0 0.4987980769230769 0.4987980769230769 0.9975961538461539 0.9975961538461539
0 0.234375 0.3137019230769231 0.07451923076923077 0.08173076923076923
0 0.8822115384615384 0.5432692307692307 0.23076923076923078 0.2644230769230769
0 0.3737980769230769 0.2608173076923077 0.15865384615384615 0.15144230769230768
0 0.18389423076923078 0.16947115384615385 0.10576923076923077 0.12980769230769232
0 0.7932692307692307 0.41947115384615385 0.40865384615384615 0.6610576923076923
0 0.18389423076923078 0.09014423076923077 0.1658653846153846 0.18028846153846154
0 0.30649038461538464 0.0889423076923077 0.25721153846153844 0.1778846153846154
0 0.6766826923076923 0.18269230769230768 0.27884615384615385 0.17067307692307693
0 0.9026442307692307 0.22115384615384615 0.08653846153846154 0.10096153846153846
0 0.07572115384615384 0.6899038461538461 0.11298076923076923 0.10576923076923077
0 0.3137019230769231 0.7764423076923077 0.07451923076923077 0.08653846153846154
0 0.4543269230769231 0.8137019230769231 0.10336538461538461 0.0985576923076923
0 0.3269230769230769 0.7596153846153846 0.15144230769230768 0.14903846153846154
0 0.4170673076923077 0.7632211538461539 0.125 0.125
