0 0.5985576923076923 0.2932692307692308 0.125 0.11298076923076923
0 0.6574519230769231 0.328125 0.18990384615384615 0.17307692307692307
0 0.7067307692307693 0.3701923076923077 0.0625 0.055288461538461536
0 0.7896634615384616 0.44350961538461536 0.08413461538461539 0.07211538461538461
0 0.8221153846153846 0.4699519230769231 0.18269230769230768 0.14182692307692307
0 0.8377403846153846 0.47836538461538464 0.07932692307692307 0.0625
0 0.8677884615384616 0.5036057692307693 0.07451923076923077 0.06971153846153846
0 0.5360576923076923 0.34375 0.25240384615384615 0.21394230769230768
0 0.7055288461538461 0.4411057692307692 0.17307692307692307 0.15625
0 0.4170673076923077 0.3088942307692308 0.09375 0.09134615384615384
0 0.5132211538461539 0.40024038461538464 0.13701923076923078 0.11538461538461539
0 0.3269230769230769 0.31009615384615385 0.07211538461538461 0.0625
0 0.4014423076923077 0.3786057692307692 0.1346153846153846 0.13701923076923078
0 0.4699519230769231 0.43509615384615385 0.12980769230769232 0.1346153846153846
0 0.5492788461538461 0.49158653846153844 0.16346153846153846 0.14423076923076922
0 0.34615384615384615 0.46033653846153844 0.18028846153846154 0.17067307692307693
0 0.2800480769230769 0.6850961538461539 0.09375 0.08653846153846154
0 0.3798076923076923 0.7451923076923077 0.10096153846153846 0.10817307692307693
0 0.5132211538461539 0.8161057692307693 0.08653846153846154 0.07932692307692307
0 0.1935096153846154 0.6947115384615384 0.19230769230769232 0.15384615384615385
0 0.07451923076923077 0.7271634615384616 0.14903846153846154 0.17067307692307693
0 0.6646634615384616 0.2608173076923077 0.07932692307692307 0.07451923076923077
