0 0.16947115384615385 0.5829326923076923 0.1346153846153846 0.10576923076923077
0 0.45913461538461536 0.7175480769230769 0.06009615384615385 0.04807692307692308
0 0.6574519230769231 0.5096153846153846 0.06490384615384616 0.055288461538461536
0 0.6081730769230769 0.5456730769230769 0.2403846153846154 0.1875
0 0.25240384615384615 0.4951923076923077 0.09134615384615384 0.07932692307692307
0 0.7367788461538461 0.6165865384615384 0.11057692307692307 0.06009615384615385
0 0.6971153846153846 0.6201923076923077 0.07211538461538461 0.13942307692307693
0 0.5901442307692307 0.6286057692307693 0.08173076923076923 0.13221153846153846
0 0.8269230769230769 0.6947115384615384 0.12740384615384615 0.0985576923076923
0 0.3329326923076923 0.5925480769230769 0.14903846153846154 0.11778846153846154
0 0.7512019230769231 0.6923076923076923 0.09615384615384616 0.10336538461538461
