0 0.2668269230769231 0.7175480769230769 0.14903846153846154 0.16105769230769232
0 0.7596153846153846 0.5961538461538461 0.20192307692307693 0.1466346153846154
0 0.7560096153846154 0.6045673076923077 0.055288461538461536 0.028846153846153848
0 0.8197115384615384 0.5913461538461539 0.08653846153846154 0.0625
0 0.23317307692307693 0.7379807692307693 0.06009615384615385 0.09375
0 0.4326923076923077 0.6971153846153846 0.17307692307692307 0.1466346153846154
0 0.5300480769230769 0.6790865384615384 0.08173076923076923 0.10096153846153846
0 0.1814903846153846 0.7680288461538461 0.06009615384615385 0.052884615384615384
0 0.3713942307692308 0.7223557692307693 0.11298076923076923 0.09615384615384616
0 0.5985576923076923 0.6682692307692307 0.04807692307692308 0.057692307692307696
0 0.65625 0.4699519230769231 0.03125 0.02403846153846154
0 0.30649038461538464 0.5685096153846154 0.028846153846153848 0.021634615384615384
0 0.2668269230769231 0.5841346153846154 0.026442307692307692 0.021634615384615384
0 0.36177884615384615 0.5697115384615384 0.055288461538461536 0.03365384615384615
0 0.3557692307692308 0.5733173076923077 0.052884615384615384 0.036057692307692304
0 0.4230769230769231 0.5564903846153846 0.05048076923076923 0.036057692307692304
0 0.47836538461538464 0.5504807692307693 0.038461538461538464 0.02403846153846154
0 0.6959134615384616 0.4963942307692308 0.03125 0.038461538461538464
0 0.38100961538461536 0.6394230769230769 0.052884615384615384 0.055288461538461536
0 0.7451923076923077 0.5661057692307693 0.057692307692307696 0.06490384615384616
0 0.5192307692307693 0.6358173076923077 0.09134615384615384 0.11298076923076923
0 0.625 0.6153846153846154 0.12980769230769232 0.11298076923076923
