0 0.09254807692307693 0.5384615384615384 0.06971153846153846 0.09134615384615384
0 0.19230769230769232 0.5264423076923077 0.06490384615384616 0.08173076923076923
0 0.1814903846153846 0.4543269230769231 0.04807692307692308 0.052884615384615384
0 0.9230769230769231 0.40625 0.14903846153846154 0.22115384615384615
0 0.11899038461538461 0.38100961538461536 0.038461538461538464 0.052884615384615384
0 0.7427884615384616 0.2764423076923077 0.3317307692307692 0.3389423076923077
0 0.22956730769230768 0.23677884615384615 0.10817307692307693 0.14182692307692307
0 0.9278846153846154 0.2127403846153846 0.13942307692307693 0.21875
0 0.5757211538461539 0.02403846153846154 0.0673076923076923 0.04567307692307692
0 0.2439903846153846 0.6706730769230769 0.09615384615384616 0.19951923076923078
