0 0.5889423076923077 0.9375 0.08413461538461539 0.07692307692307693
0 0.6394230769230769 0.4411057692307692 0.14903846153846154 0.21153846153846154
0 0.7596153846153846 0.375 0.1201923076923077 0.1971153846153846
0 0.75 0.3737980769230769 0.19471153846153846 0.2644230769230769
0 0.8064903846153846 0.3605769230769231 0.125 0.11298076923076923
0 0.23317307692307693 0.44591346153846156 0.2980769230769231 0.35096153846153844
0 0.5396634615384616 0.3269230769230769 0.125 0.2091346153846154
0 0.40384615384615385 0.34615384615384615 0.20192307692307693 0.24519230769230768
0 0.6646634615384616 0.2704326923076923 0.20192307692307693 0.15144230769230768
0 0.14543269230769232 0.3137019230769231 0.29086538461538464 0.43990384615384615
0 0.7055288461538461 0.8822115384615384 0.09615384615384616 0.06971153846153846
0 0.4723557692307692 0.8713942307692307 0.16105769230769232 0.23798076923076922
0 0.3762019230769231 0.6153846153846154 0.17548076923076922 0.17067307692307693
0 0.7391826923076923 0.5240384615384616 0.10336538461538461 0.1658653846153846
0 0.8497596153846154 0.4735576923076923 0.0889423076923077 0.0985576923076923
0 0.4963942307692308 0.4951923076923077 0.16826923076923078 0.21634615384615385
