0 0.7439903846153846 0.43509615384615385 0.2091346153846154 0.20432692307692307
0 0.2283653846153846 0.5769230769230769 0.0625 0.06971153846153846
0 0.8064903846153846 0.38822115384615385 0.15384615384615385 0.14423076923076922
0 0.5432692307692307 0.4567307692307692 0.09375 0.1346153846153846
0 0.609375 0.421875 0.09134615384615384 0.11298076923076923
0 0.43509615384615385 0.4723557692307692 0.07211538461538461 0.0889423076923077
0 0.49278846153846156 0.42788461538461536 0.10576923076923077 0.1201923076923077
0 0.6899038461538461 0.3629807692307692 0.09375 0.13221153846153846
0 0.35216346153846156 0.3233173076923077 0.14182692307692307 0.1201923076923077
0 0.5192307692307693 0.25961538461538464 0.18509615384615385 0.22596153846153846
0 0.5829326923076923 0.16706730769230768 0.16105769230769232 0.1658653846153846
0 0.31971153846153844 0.23798076923076922 0.19951923076923078 0.14182692307692307
0 0.7764423076923077 0.07932692307692307 0.19230769230769232 0.15865384615384615
0 0.47716346153846156 0.08052884615384616 0.15384615384615385 0.14903846153846154
