0 0.7115384615384616 0.38822115384615385 0.09375 0.08173076923076923
0 0.09735576923076923 0.39783653846153844 0.10336538461538461 0.07692307692307693
0 0.39903846153846156 0.40384615384615385 0.18990384615384615 0.0889423076923077
0 0.2247596153846154 0.4074519230769231 0.12980769230769232 0.057692307692307696
0 0.8605769230769231 0.41466346153846156 0.18509615384615385 0.1201923076923077
0 0.5492788461538461 0.4338942307692308 0.09615384615384616 0.04326923076923077
0 0.5853365384615384 0.4519230769230769 0.0985576923076923 0.09375
0 0.08774038461538461 0.4735576923076923 0.17548076923076922 0.0673076923076923
0 0.265625 0.49038461538461536 0.10817307692307693 0.04807692307692308
0 0.6850961538461539 0.5096153846153846 0.09375 0.06971153846153846
0 0.546875 0.6045673076923077 0.1658653846153846 0.18269230769230768
0 0.036057692307692304 0.6105769230769231 0.07211538461538461 0.04567307692307692
0 0.20072115384615385 0.9302884615384616 0.15625 0.0625
0 0.3293269230769231 0.2932692307692308 0.08413461538461539 0.08413461538461539
0 0.11538461538461539 0.33052884615384615 0.07692307692307693 0.05048076923076923
0 0.23677884615384615 0.34134615384615385 0.06009615384615385 0.057692307692307696
0 0.6105769230769231 0.36899038461538464 0.0673076923076923 0.057692307692307696
