0 0.4098557692307692 0.5300480769230769 0.11538461538461539 0.10576923076923077
0 0.5889423076923077 0.36658653846153844 0.10576923076923077 0.08653846153846154
0 0.7824519230769231 0.28725961538461536 0.10336538461538461 0.08413461538461539
0 0.6009615384615384 0.35216346153846156 0.2932692307692308 0.1971153846153846
0 0.8221153846153846 0.2608173076923077 0.22355769230769232 0.15144230769230768
0 0.5060096153846154 0.38461538461538464 0.09134615384615384 0.10576923076923077
0 0.8365384615384616 0.24879807692307693 0.08173076923076923 0.0673076923076923
0 0.8858173076923077 0.21995192307692307 0.08173076923076923 0.09615384615384616
0 0.6550480769230769 0.3004807692307692 0.08653846153846154 0.07932692307692307
0 0.578125 0.1935096153846154 0.06971153846153846 0.06971153846153846
0 0.25240384615384615 0.3016826923076923 0.055288461538461536 0.06971153846153846
0 0.019230769230769232 0.3942307692307692 0.038461538461538464 0.09615384615384616
0 0.09254807692307693 0.3161057692307692 0.09134615384615384 0.11298076923076923
0 0.3245192307692308 0.20432692307692307 0.0985576923076923 0.09375
0 0.5625 0.10336538461538461 0.11538461538461539 0.10576923076923077
0 0.0829326923076923 0.2980769230769231 0.15625 0.12740384615384615
0 0.7788461538461539 0.08653846153846154 0.22115384615384615 0.17307692307692307
0 0.43028846153846156 0.171875 0.6201923076923077 0.34375
0 0.026442307692307692 0.25600961538461536 0.052884615384615384 0.055288461538461536
0 0.4050480769230769 0.06490384615384616 0.1658653846153846 0.12980769230769232
0 0.17548076923076922 0.1502403846153846 0.17548076923076922 0.10576923076923077
0 0.5769230769230769 0.016826923076923076 0.19230769230769232 0.03365384615384615
