0 0.296875 0.44711538461538464 0.06971153846153846 0.07451923076923077
0 0.5805288461538461 0.6141826923076923 0.1346153846153846 0.1201923076923077
0 0.30288461538461536 0.5661057692307693 0.16346153846153846 0.15625
0 0.1201923076923077 0.4831730769230769 0.14182692307692307 0.14903846153846154
0 0.6105769230769231 0.7512019230769231 0.14423076923076922 0.12740384615384615
0 0.4963942307692308 0.7367788461538461 0.15625 0.1658653846153846
0 0.2548076923076923 0.6177884615384616 0.4735576923076923 0.6009615384615384
0 0.4110576923076923 0.7283653846153846 0.12980769230769232 0.15865384615384615
0 0.21153846153846154 0.6622596153846154 0.1658653846153846 0.18990384615384615
0 0.21514423076923078 0.6887019230769231 0.375 0.44471153846153844
0 0.5552884615384616 0.8762019230769231 0.15144230769230768 0.13221153846153846
0 0.040865384615384616 0.6346153846153846 0.08173076923076923 0.28846153846153844
0 0.6237980769230769 0.9459134615384616 0.3293269230769231 0.10336538461538461
0 0.3329326923076923 0.890625 0.16105769230769232 0.17548076923076922
0 0.5396634615384616 0.5240384615384616 0.12259615384615384 0.10817307692307693
0 0.40384615384615385 0.49278846153846156 0.0889423076923077 0.08413461538461539
0 0.22235576923076922 0.4014423076923077 0.11778846153846154 0.1201923076923077
