0 0.13341346153846154 0.6814903846153846 0.0985576923076923 0.19471153846153846
0 0.0733173076923077 0.6298076923076923 0.11538461538461539 0.23317307692307693
0 0.43149038461538464 0.5336538461538461 0.2692307692307692 0.4110576923076923
0 0.12139423076923077 0.5504807692307693 0.13701923076923078 0.16346153846153846
0 0.2980769230769231 0.47475961538461536 0.2620192307692308 0.36538461538461536
0 0.171875 0.4338942307692308 0.13942307692307693 0.14903846153846154
0 0.31971153846153844 0.38221153846153844 0.19951923076923078 0.23076923076923078
0 0.5108173076923077 0.29086538461538464 0.17067307692307693 0.21394230769230768
0 0.5853365384615384 0.25240384615384615 0.03125 0.04567307692307692
0 0.23557692307692307 0.24158653846153846 0.11538461538461539 0.15144230769230768
0 0.28365384615384615 0.9350961538461539 0.10576923076923077 0.125
0 0.5757211538461539 0.04807692307692308 0.06971153846153846 0.09615384615384616
0 0.17307692307692307 0.8509615384615384 0.16346153846153846 0.2932692307692308
0 0.39302884615384615 0.7848557692307693 0.11538461538461539 0.22596153846153846
0 0.21153846153846154 0.7992788461538461 0.13701923076923078 0.15865384615384615
0 0.23918269230769232 0.7415865384615384 0.14903846153846154 0.2980769230769231
