0 0.5384615384615384 0.6502403846153846 0.07932692307692307 0.08413461538461539
0 0.09134615384615384 0.5420673076923077 0.15144230769230768 0.09615384615384616
0 0.453125 0.6358173076923077 0.05048076923076923 0.04567307692307692
0 0.8076923076923077 0.7367788461538461 0.04326923076923077 0.055288461538461536
0 0.9074519230769231 0.7680288461538461 0.0889423076923077 0.0889423076923077
0 0.7463942307692307 0.7632211538461539 0.07451923076923077 0.05048076923076923
0 0.6382211538461539 0.7463942307692307 0.10576923076923077 0.11778846153846154
0 0.4074519230769231 0.7139423076923077 0.09615384615384616 0.09375
0 0.31850961538461536 0.21153846153846154 0.1875 0.16105769230769232
0 0.29447115384615385 0.2403846153846154 0.052884615384615384 0.0673076923076923
0 0.35216346153846156 0.2692307692307692 0.0673076923076923 0.07692307692307693
0 0.3545673076923077 0.5372596153846154 0.0889423076923077 0.14182692307692307
0 0.49038461538461536 0.5889423076923077 0.057692307692307696 0.057692307692307696
