0 0.14783653846153846 0.8497596153846154 0.10096153846153846 0.11538461538461539
0 0.3125 0.796875 0.1201923076923077 0.14182692307692307
0 0.24759615384615385 0.8257211538461539 0.08653846153846154 0.08413461538461539
0 0.8762019230769231 0.5576923076923077 0.13221153846153846 0.1466346153846154
0 0.5252403846153846 0.7295673076923077 0.22596153846153846 0.3173076923076923
0 0.39302884615384615 0.8100961538461539 0.12259615384615384 0.10817307692307693
0 0.5564903846153846 0.7403846153846154 0.12980769230769232 0.15144230769230768
0 0.7319711538461539 0.6875 0.07932692307692307 0.08413461538461539
0 0.6790865384615384 0.7199519230769231 0.09134615384615384 0.1201923076923077
0 0.6790865384615384 0.7391826923076923 0.21875 0.19230769230769232
0 0.47716346153846156 0.8293269230769231 0.13942307692307693 0.18269230769230768
0 0.27403846153846156 0.46274038461538464 0.08653846153846154 0.0673076923076923
0 0.2764423076923077 0.4675480769230769 0.1971153846153846 0.15865384615384615
0 0.5444711538461539 0.3798076923076923 0.21153846153846154 0.17307692307692307
0 0.5865384615384616 0.3894230769230769 0.07692307692307693 0.07692307692307693
