0 0.5733173076923077 0.6117788461538461 0.10817307692307693 0.11538461538461539
0 0.8425480769230769 0.5204326923076923 0.10817307692307693 0.10817307692307693
0 0.6887019230769231 0.6057692307692307 0.10817307692307693 0.0889423076923077
0 0.11298076923076923 0.203125 0.12740384615384615 0.1466346153846154
0 0.6334134615384616 0.6526442307692307 0.14423076923076922 0.17548076923076922
0 0.7596153846153846 0.6382211538461539 0.08413461538461539 0.07451923076923077
0 0.7776442307692307 0.6502403846153846 0.06971153846153846 0.07692307692307693
0 0.9543269230769231 0.6177884615384616 0.08653846153846154 0.09134615384615384
0 0.9507211538461539 0.6225961538461539 0.09375 0.17307692307692307
0 0.7992788461538461 0.71875 0.14423076923076922 0.125
0 0.6790865384615384 0.78125 0.2692307692307692 0.3581730769230769
0 0.7884615384615384 0.7908653846153846 0.1466346153846154 0.1875
0 0.3317307692307692 0.9639423076923077 0.2692307692307692 0.0673076923076923
0 0.5252403846153846 0.9711538461538461 0.11778846153846154 0.052884615384615384
0 0.055288461538461536 0.39903846153846156 0.11057692307692307 0.21634615384615385
0 0.5060096153846154 0.36778846153846156 0.10576923076923077 0.10336538461538461
0 0.8677884615384616 0.23918269230769232 0.16346153846153846 0.19951923076923078
0 0.5901442307692307 0.5228365384615384 0.11538461538461539 0.13701923076923078
0 0.6850961538461539 0.4855769230769231 0.13942307692307693 0.15625
