0 0.3713942307692308 0.8762019230769231 0.23317307692307693 0.1778846153846154
0 0.5324519230769231 0.7512019230769231 0.1971153846153846 0.17307692307692307
0 0.5745192307692307 0.7007211538461539 0.04807692307692308 0.10817307692307693
0 0.6201923076923077 0.6550480769230769 0.03365384615384615 0.10817307692307693
0 0.3161057692307692 0.5540865384615384 0.15144230769230768 0.23076923076923078
0 0.8088942307692307 0.5492788461538461 0.10336538461538461 0.08173076923076923
0 0.5396634615384616 0.4567307692307692 0.10576923076923077 0.15625
0 0.20192307692307693 0.40024038461538464 0.17548076923076922 0.21875
0 0.3918269230769231 0.4098557692307692 0.18509615384615385 0.21394230769230768
0 0.75 0.44591346153846156 0.07932692307692307 0.13701923076923078
0 0.8737980769230769 0.4579326923076923 0.13221153846153846 0.12259615384615384
0 0.6586538461538461 0.38822115384615385 0.17067307692307693 0.375
0 0.8413461538461539 0.36538461538461536 0.09134615384615384 0.13701923076923078
0 0.5060096153846154 0.28846153846153844 0.8341346153846154 0.5769230769230769
