0 0.21634615384615385 0.10817307692307693 0.11778846153846154 0.1346153846153846
0 0.7355769230769231 0.4338942307692308 0.21153846153846154 0.25240384615384615
0 0.33533653846153844 0.23677884615384615 0.18028846153846154 0.17307692307692307
0 0.6165865384615384 0.3858173076923077 0.4254807692307692 0.4206730769230769
0 0.8353365384615384 0.5108173076923077 0.23557692307692307 0.29086538461538464
0 0.9399038461538461 0.5997596153846154 0.08173076923076923 0.07932692307692307
0 0.21634615384615385 0.23317307692307693 0.13942307692307693 0.1658653846153846
0 0.4831730769230769 0.38341346153846156 0.19230769230769232 0.21153846153846154
0 0.6418269230769231 0.484375 0.12980769230769232 0.16105769230769232
0 0.16346153846153846 0.28966346153846156 0.09134615384615384 0.09615384615384616
0 0.6334134615384616 0.5853365384615384 0.71875 0.7475961538461539
0 0.7872596153846154 0.6971153846153846 0.14903846153846154 0.16105769230769232
0 0.5600961538461539 0.5841346153846154 0.1346153846153846 0.1778846153846154
0 0.21754807692307693 0.5216346153846154 0.1658653846153846 0.17548076923076922
0 0.7091346153846154 0.7932692307692307 0.27163461538461536 0.3581730769230769
0 0.828125 0.8605769230769231 0.17548076923076922 0.23557692307692307
0 0.04326923076923077 0.5108173076923077 0.08653846153846154 0.13701923076923078
0 0.4375 0.8197115384615384 0.2620192307692308 0.3125
0 0.6862980769230769 0.953125 0.10336538461538461 0.0889423076923077
0 0.42788461538461536 0.9326923076923077 0.10096153846153846 0.12980769230769232
0 0.4567307692307692 0.07091346153846154 0.16826923076923078 0.14182692307692307
0 0.38461538461538464 0.07211538461538461 0.09375 0.07451923076923077
0 0.7055288461538461 0.2644230769230769 0.13942307692307693 0.18028846153846154
