0 0.5769230769230769 0.28125 0.24759615384615385 0.18028846153846154
0 0.49038461538461536 0.2512019230769231 0.0985576923076923 0.0985576923076923
0 0.6105769230769231 0.3112980769230769 0.19471153846153846 0.15144230769230768
0 0.4098557692307692 0.3329326923076923 0.09615384615384616 0.12980769230769232
0 0.4026442307692308 0.3786057692307692 0.1346153846153846 0.20432692307692307
0 0.24639423076923078 0.36658653846153844 0.15144230769230768 0.16346153846153846
0 0.0985576923076923 0.34615384615384615 0.11538461538461539 0.17067307692307693
0 0.59375 0.5769230769230769 0.14903846153846154 0.21394230769230768
0 0.453125 0.5396634615384616 0.21153846153846154 0.22355769230769232
0 0.0829326923076923 0.42427884615384615 0.1658653846153846 0.25721153846153844
0 0.4074519230769231 0.5661057692307693 0.18269230769230768 0.20432692307692307
0 0.265625 0.5853365384615384 0.3942307692307692 0.6610576923076923
0 0.5036057692307693 0.7391826923076923 0.23076923076923078 0.2764423076923077
0 0.30649038461538464 0.6658653846153846 0.6129807692307693 0.6634615384615384
0 0.09134615384615384 0.609375 0.18269230769230768 0.2764423076923077
0 0.19110576923076922 0.6766826923076923 0.38221153846153844 0.49278846153846156
0 0.17908653846153846 0.6971153846153846 0.14423076923076922 0.20673076923076922
0 0.36658653846153844 0.8269230769230769 0.12740384615384615 0.1466346153846154
0 0.20432692307692307 0.7908653846153846 0.18269230769230768 0.25
0 0.5276442307692307 0.921875 0.2091346153846154 0.15144230769230768
0 0.39903846153846156 0.9110576923076923 0.14903846153846154 0.17307692307692307
