0 0.6610576923076923 0.3137019230769231 0.04326923076923077 0.125
0 0.5709134615384616 0.3004807692307692 0.09134615384615384 0.13221153846153846
0 0.5204326923076923 0.29086538461538464 0.07932692307692307 0.20192307692307693
0 0.7403846153846154 0.2956730769230769 0.11778846153846154 0.3173076923076923
0 0.6899038461538461 0.2283653846153846 0.24759615384615385 0.23317307692307693
0 0.5480769230769231 0.5528846153846154 0.0625 0.09134615384615384
0 0.5709134615384616 0.5504807692307693 0.1466346153846154 0.14182692307692307
0 0.5516826923076923 0.5336538461538461 0.04326923076923077 0.07692307692307693
0 0.6141826923076923 0.5204326923076923 0.07932692307692307 0.07932692307692307
0 0.46274038461538464 0.35096153846153844 0.052884615384615384 0.07692307692307693
0 0.46153846153846156 0.33774038461538464 0.11057692307692307 0.1875
