0 0.5348557692307693 0.6069711538461539 0.09615384615384616 0.20192307692307693
0 0.47836538461538464 0.7139423076923077 0.24278846153846154 0.32211538461538464
0 0.27884615384615385 0.24158653846153846 0.09134615384615384 0.125
0 0.4567307692307692 0.30408653846153844 0.13942307692307693 0.13221153846153846
0 0.25841346153846156 0.30408653846153844 0.11057692307692307 0.16826923076923078
0 0.7163461538461539 0.3269230769230769 0.09375 0.04807692307692308
0 0.26322115384615385 0.3389423076923077 0.08173076923076923 0.11778846153846154
0 0.5048076923076923 0.41346153846153844 0.09615384615384616 0.06490384615384616
0 0.6778846153846154 0.43149038461538464 0.11778846153846154 0.125
0 0.30288461538461536 0.47596153846153844 0.08653846153846154 0.07211538461538461
0 0.21514423076923078 0.5600961538461539 0.11538461538461539 0.10576923076923077
