0 0.7199519230769231 0.36778846153846156 0.09134615384615384 0.13221153846153846
0 0.6177884615384616 0.2644230769230769 0.10817307692307693 0.12980769230769232
0 0.7151442307692307 0.23677884615384615 0.057692307692307696 0.07932692307692307
0 0.6814903846153846 0.21634615384615385 0.4206730769230769 0.4230769230769231
0 0.546875 0.17427884615384615 0.0889423076923077 0.12980769230769232
0 0.3954326923076923 0.16346153846153846 0.31490384615384615 0.3269230769230769
0 0.3329326923076923 0.11057692307692307 0.11778846153846154 0.15865384615384615
0 0.5528846153846154 0.0673076923076923 0.16346153846153846 0.1346153846153846
0 0.8545673076923077 0.11057692307692307 0.13942307692307693 0.08653846153846154
0 0.41586538461538464 0.5480769230769231 0.10096153846153846 0.09615384615384616
