0 0.5072115384615384 0.39903846153846156 0.10336538461538461 0.18269230769230768
0 0.5769230769230769 0.38100961538461536 0.125 0.14423076923076922
0 0.3557692307692308 0.328125 0.1466346153846154 0.15865384615384615
0 0.4326923076923077 0.7379807692307693 0.12740384615384615 0.14423076923076922
0 0.5733173076923077 0.6875 0.125 0.16826923076923078
0 0.29086538461538464 0.7043269230769231 0.14423076923076922 0.1466346153846154
0 0.48197115384615385 0.6466346153846154 0.07932692307692307 0.14903846153846154
0 0.4387019230769231 0.6286057692307693 0.4495192307692308 0.5264423076923077
0 0.6694711538461539 0.5456730769230769 0.10817307692307693 0.19471153846153846
0 0.7211538461538461 0.4987980769230769 0.3389423076923077 0.5673076923076923
0 0.3329326923076923 0.5144230769230769 0.13942307692307693 0.1875
0 0.8161057692307693 0.39302884615384615 0.16346153846153846 0.13221153846153846
