0 0.546875 0.28725961538461536 0.06009615384615385 0.06490384615384616
0 0.20552884615384615 0.30528846153846156 0.06490384615384616 0.04326923076923077
0 0.7007211538461539 0.3798076923076923 0.08173076923076923 0.09134615384615384
0 0.6550480769230769 0.38341346153846156 0.06971153846153846 0.08653846153846154
0 0.7944711538461539 0.39783653846153844 0.0673076923076923 0.0673076923076923
0 0.4326923076923077 0.39663461538461536 0.08653846153846154 0.09375
0 0.3269230769230769 0.4230769230769231 0.055288461538461536 0.08413461538461539
0 0.09495192307692307 0.4495192307692308 0.10576923076923077 0.13942307692307693
0 0.890625 0.4879807692307692 0.12740384615384615 0.14182692307692307
0 0.4182692307692308 0.4795673076923077 0.06971153846153846 0.10817307692307693
0 0.39663461538461536 0.49399038461538464 0.11538461538461539 0.09375
0 0.37259615384615385 0.5060096153846154 0.14182692307692307 0.19471153846153846
0 0.02403846153846154 0.5096153846153846 0.04807692307692308 0.09134615384615384
0 0.15264423076923078 0.5228365384615384 0.0889423076923077 0.0985576923076923
0 0.24519230769230768 0.5408653846153846 0.057692307692307696 0.10336538461538461
0 0.6141826923076923 0.5637019230769231 0.07211538461538461 0.10817307692307693
0 0.7620192307692307 0.5721153846153846 0.07692307692307693 0.07692307692307693
0 0.6610576923076923 0.5709134615384616 0.0625 0.08653846153846154
0 0.4807692307692308 0.6021634615384616 0.0889423076923077 0.09134615384615384
0 0.5649038461538461 0.6177884615384616 0.09134615384615384 0.07451923076923077
0 0.2548076923076923 0.6141826923076923 0.14182692307692307 0.11778846153846154
0 0.07451923076923077 0.6634615384615384 0.125 0.11778846153846154
