0 0.3954326923076923 0.36538461538461536 0.07932692307692307 0.11298076923076923
0 0.4639423076923077 0.3557692307692308 0.06971153846153846 0.07692307692307693
0 0.5757211538461539 0.3894230769230769 0.07692307692307693 0.10096153846153846
0 0.375 0.3161057692307692 0.07692307692307693 0.10096153846153846
0 0.6586538461538461 0.37740384615384615 0.6394230769230769 0.4182692307692308
0 0.16105769230769232 0.21875 0.06971153846153846 0.07692307692307693
0 0.9759615384615384 0.4579326923076923 0.04326923076923077 0.0889423076923077
0 0.5709134615384616 0.328125 0.09134615384615384 0.0985576923076923
0 0.5913461538461539 0.33413461538461536 0.07451923076923077 0.08413461538461539
0 0.23076923076923078 0.2247596153846154 0.07451923076923077 0.06490384615384616
0 0.36778846153846156 0.24879807692307693 0.052884615384615384 0.07692307692307693
0 0.8497596153846154 0.3858173076923077 0.08413461538461539 0.09134615384615384
0 0.4387019230769231 0.25721153846153844 0.08413461538461539 0.10817307692307693
0 0.6538461538461539 0.31971153846153844 0.09134615384615384 0.13701923076923078
0 0.7103365384615384 0.33653846153846156 0.07692307692307693 0.12259615384615384
0 0.23076923076923078 0.1875 0.17067307692307693 0.20673076923076922
0 0.5252403846153846 0.25841346153846156 0.10576923076923077 0.1346153846153846
0 0.5673076923076923 0.26802884615384615 0.0985576923076923 0.11778846153846154
0 0.7836538461538461 0.3233173076923077 0.052884615384615384 0.0625
0 0.265625 0.16105769230769232 0.08653846153846154 0.0985576923076923
0 0.3870192307692308 0.17668269230769232 0.06971153846153846 0.07692307692307693
0 0.5288461538461539 0.4963942307692308 0.09375 0.10096153846153846
0 0.4651442307692308 0.4675480769230769 0.0673076923076923 0.08653846153846154
0 0.4266826923076923 0.4495192307692308 0.06490384615384616 0.08653846153846154
0 0.3918269230769231 0.42908653846153844 0.04326923076923077 0.06490384615384616
0 0.5805288461538461 0.45913461538461536 0.07932692307692307 0.08173076923076923
0 0.21033653846153846 0.34375 0.14182692307692307 0.11538461538461539
0 0.7259615384615384 0.47836538461538464 0.0673076923076923 0.0673076923076923
