0 0.4831730769230769 0.4855769230769231 0.15625 0.10576923076923077
0 0.6634615384615384 0.5120192307692307 0.18028846153846154 0.09134615384615384
0 0.25600961538461536 0.5180288461538461 0.18269230769230768 0.12980769230769232
0 0.9122596153846154 0.6286057692307693 0.1658653846153846 0.15625
0 0.5649038461538461 0.6189903846153846 0.8653846153846154 0.37740384615384615
0 0.4795673076923077 0.6189903846153846 0.2091346153846154 0.19951923076923078
0 0.9158653846153846 0.6466346153846154 0.14423076923076922 0.16346153846153846
0 0.04927884615384615 0.6213942307692307 0.0985576923076923 0.21394230769230768
0 0.11177884615384616 0.6370192307692307 0.18990384615384615 0.24278846153846154
0 0.7295673076923077 0.6887019230769231 0.14182692307692307 0.22115384615384615
0 0.25 0.6911057692307693 0.2548076923076923 0.25
0 0.5685096153846154 0.7259615384615384 0.09375 0.2668269230769231
