0 0.5709134615384616 0.3641826923076923 0.06009615384615385 0.07211538461538461
0 0.8822115384615384 0.40384615384615385 0.09134615384615384 0.06490384615384616
0 0.28725961538461536 0.47836538461538464 0.08173076923076923 0.0889423076923077
0 0.6478365384615384 0.46634615384615385 0.27163461538461536 0.24278846153846154
0 0.6334134615384616 0.49038461538461536 0.24278846153846154 0.15625
0 0.38461538461538464 0.5120192307692307 0.10576923076923077 0.15384615384615385
0 0.30528846153846156 0.5504807692307693 0.09615384615384616 0.125
0 0.1971153846153846 0.5637019230769231 0.0673076923076923 0.10817307692307693
0 0.8894230769230769 0.5348557692307693 0.14903846153846154 0.18509615384615385
0 0.6574519230769231 0.5625 0.34134615384615385 0.41346153846153844
0 0.8125 0.609375 0.23798076923076922 0.20673076923076922
0 0.140625 0.7632211538461539 0.14182692307692307 0.11298076923076923
0 0.17908653846153846 0.7728365384615384 0.10576923076923077 0.08653846153846154
0 0.6862980769230769 0.7487980769230769 0.17548076923076922 0.19951923076923078
0 0.09014423076923077 0.7956730769230769 0.10817307692307693 0.11298076923076923
0 0.9266826923076923 0.7764423076923077 0.14182692307692307 0.25961538461538464
0 0.2536057692307692 0.8365384615384616 0.15865384615384615 0.14182692307692307
0 0.796875 0.8016826923076923 0.15144230769230768 0.125
0 0.6177884615384616 0.8485576923076923 0.11538461538461539 0.10576923076923077
0 0.9819711538461539 0.8978365384615384 0.03125 0.13701923076923078
