0 0.46634615384615385 0.6225961538461539 0.04326923076923077 0.07692307692307693
0 0.8076923076923077 0.7115384615384616 0.1971153846153846 0.1971153846153846
0 0.6766826923076923 0.7475961538461539 0.038461538461538464 0.16105769230769232
0 0.23197115384615385 0.7644230769230769 0.10336538461538461 0.13701923076923078
0 0.2764423076923077 0.7740384615384616 0.22115384615384615 0.22596153846153846
0 0.22596153846153846 0.7920673076923077 0.07692307692307693 0.08173076923076923
0 0.3125 0.8125 0.07692307692307693 0.10096153846153846
0 0.5372596153846154 0.8209134615384616 0.06971153846153846 0.10576923076923077
0 0.4411057692307692 0.8725961538461539 0.07211538461538461 0.18509615384615385
0 0.453125 0.8870192307692307 0.2644230769230769 0.21394230769230768
0 0.7439903846153846 0.8990384615384616 0.24519230769230768 0.18990384615384615
0 0.53125 0.9399038461538461 0.07211538461538461 0.09615384615384616
0 0.6875 0.9399038461538461 0.08413461538461539 0.09615384615384616
0 0.7944711538461539 0.9495192307692307 0.04326923076923077 0.07692307692307693
0 0.4050480769230769 0.4074519230769231 0.06009615384615385 0.06490384615384616
