0 0.10336538461538461 0.3125 0.20673076923076922 0.17307692307692307
0 0.41947115384615385 0.18269230769230768 0.18028846153846154 0.17307692307692307
0 0.24759615384615385 0.45913461538461536 0.19471153846153846 0.18990384615384615
0 0.08653846153846154 0.5408653846153846 0.13942307692307693 0.13221153846153846
0 0.6971153846153846 0.33052884615384615 0.14903846153846154 0.15384615384615385
0 0.8677884615384616 0.2980769230769231 0.13221153846153846 0.14423076923076922
0 0.13822115384615385 0.6418269230769231 0.15625 0.125
0 0.4987980769230769 0.4987980769230769 0.9975961538461539 0.9975961538461539
0 0.2920673076923077 0.6370192307692307 0.15625 0.1466346153846154
0 0.7091346153846154 0.5060096153846154 0.15625 0.15384615384615385
0 0.17668269230769232 0.8617788461538461 0.18028846153846154 0.2403846153846154
0 0.7127403846153846 0.6514423076923077 0.15144230769230768 0.15865384615384615
0 0.890625 0.5805288461538461 0.21394230769230768 0.20432692307692307
0 0.8581730769230769 0.6009615384615384 0.09615384615384616 0.12259615384615384
0 0.4567307692307692 0.8016826923076923 0.14423076923076922 0.12259615384615384
0 0.5168269230769231 0.7908653846153846 0.5913461538461539 0.41346153846153844
0 0.7391826923076923 0.7668269230769231 0.1658653846153846 0.21875
0 0.44350961538461536 0.9278846153846154 0.1466346153846154 0.13942307692307693
0 0.41466346153846156 0.8978365384615384 0.43509615384615385 0.19951923076923078
0 0.9495192307692307 0.7355769230769231 0.09615384615384616 0.21634615384615385
