0 0.6466346153846154 0.4326923076923077 0.21153846153846154 0.23076923076923078
0 0.38341346153846156 0.4891826923076923 0.7668269230769231 0.3485576923076923
0 0.09975961538461539 0.39783653846153844 0.19951923076923078 0.23798076923076922
0 0.41225961538461536 0.23918269230769232 0.2091346153846154 0.21153846153846154
0 0.4567307692307692 0.7644230769230769 0.1466346153846154 0.15865384615384615
0 0.53125 0.7019230769230769 0.1201923076923077 0.1875
0 0.7620192307692307 0.578125 0.15625 0.1658653846153846
0 0.296875 0.6899038461538461 0.15144230769230768 0.22355769230769232
0 0.39783653846153844 0.609375 0.21875 0.2620192307692308
0 0.8269230769230769 0.4254807692307692 0.28846153846153844 0.3173076923076923
0 0.5889423076923077 0.4879807692307692 0.23557692307692307 0.22355769230769232
