0 0.4987980769230769 0.7259615384615384 0.1971153846153846 0.09615384615384616
0 0.4963942307692308 0.6802884615384616 0.06009615384615385 0.07692307692307693
0 0.36177884615384615 0.5985576923076923 0.05048076923076923 0.07451923076923077
0 0.3112980769230769 0.5865384615384616 0.06971153846153846 0.07692307692307693
0 0.3954326923076923 0.4699519230769231 0.09615384615384616 0.11538461538461539
0 0.2548076923076923 0.4519230769230769 0.07932692307692307 0.1346153846153846
0 0.14423076923076922 0.41225961538461536 0.23557692307692307 0.19471153846153846
0 0.5973557692307693 0.43149038461538464 0.07211538461538461 0.09134615384615384
0 0.35697115384615385 0.3557692307692308 0.11057692307692307 0.12259615384615384
0 0.5925480769230769 0.29086538461538464 0.3701923076923077 0.34615384615384615
0 0.24519230769230768 0.25961538461538464 0.21634615384615385 0.42788461538461536
0 0.7235576923076923 0.29447115384615385 0.22355769230769232 0.21875
0 0.4375 0.2548076923076923 0.15625 0.10336538461538461
0 0.5709134615384616 0.2283653846153846 0.14423076923076922 0.1466346153846154
0 0.27283653846153844 0.1778846153846154 0.16346153846153846 0.1201923076923077
0 0.10096153846153846 0.039663461538461536 0.09615384615384616 0.07932692307692307
