0 0.9459134615384616 0.5168269230769231 0.10336538461538461 0.125
0 0.6634615384615384 0.41947115384615385 0.14903846153846154 0.1875
0 0.7740384615384616 0.49759615384615385 0.19471153846153846 0.21153846153846154
0 0.5072115384615384 0.3858173076923077 0.17548076923076922 0.1875
0 0.7235576923076923 0.7235576923076923 0.4230769230769231 0.3269230769230769
0 0.8233173076923077 0.7704326923076923 0.2283653846153846 0.21634615384615385
0 0.8617788461538461 0.7896634615384616 0.12980769230769232 0.12980769230769232
0 0.6310096153846154 0.6899038461538461 0.18269230769230768 0.16826923076923078
0 0.12860576923076922 0.5805288461538461 0.11778846153846154 0.11538461538461539
0 0.03485576923076923 0.5288461538461539 0.06971153846153846 0.125
0 0.05889423076923077 0.5300480769230769 0.11778846153846154 0.24278846153846154
0 0.5973557692307693 0.8377403846153846 0.14903846153846154 0.16346153846153846
0 0.20552884615384615 0.6538461538461539 0.16346153846153846 0.17307692307692307
0 0.125 0.6742788461538461 0.25 0.4014423076923077
0 0.26802884615384615 0.7884615384615384 0.16105769230769232 0.18990384615384615
0 0.018028846153846152 0.6610576923076923 0.036057692307692304 0.15865384615384615
0 0.34375 0.9014423076923077 0.09375 0.09134615384615384
0 0.546875 0.9615384615384616 0.17548076923076922 0.07211538461538461
