0 0.203125 0.33413461538461536 0.12259615384615384 0.08413461538461539
0 0.5168269230769231 0.27884615384615385 0.055288461538461536 0.038461538461538464
0 0.6538461538461539 0.53125 0.06009615384615385 0.04567307692307692
0 0.6165865384615384 0.4831730769230769 0.21875 0.15144230769230768
0 0.25961538461538464 0.43990384615384615 0.07932692307692307 0.0673076923076923
0 0.7596153846153846 0.4483173076923077 0.10817307692307693 0.04326923076923077
0 0.7211538461538461 0.4338942307692308 0.04807692307692308 0.1346153846153846
0 0.6201923076923077 0.39903846153846156 0.06009615384615385 0.125
0 0.8665865384615384 0.39663461538461536 0.11778846153846154 0.07932692307692307
0 0.3629807692307692 0.36778846153846156 0.1346153846153846 0.09375
0 0.7932692307692307 0.3786057692307692 0.08173076923076923 0.09134615384615384
