0 0.5649038461538461 0.5985576923076923 0.23076923076923078 0.22355769230769232
0 0.8064903846153846 0.6274038461538461 0.2764423076923077 0.2860576923076923
0 0.36899038461538464 0.5709134615384616 0.23798076923076922 0.18028846153846154
0 0.19471153846153846 0.5096153846153846 0.19471153846153846 0.15625
0 0.040865384615384616 0.35096153846153844 0.06490384615384616 0.10336538461538461
0 0.39302884615384615 0.3389423076923077 0.5216346153846154 0.43028846153846156
0 0.9399038461538461 0.18028846153846154 0.11538461538461539 0.19230769230769232
0 0.1045673076923077 0.08052884615384616 0.12259615384615384 0.16105769230769232
0 0.9146634615384616 0.08774038461538461 0.1658653846153846 0.09375
0 0.5865384615384616 0.7439903846153846 0.20192307692307693 0.20192307692307693
0 0.2956730769230769 0.6887019230769231 0.34615384615384615 0.20432692307692307
0 0.5300480769230769 0.6262019230769231 0.8846153846153846 0.4254807692307692
