0 0.27403846153846156 0.6442307692307693 0.0889423076923077 0.10336538461538461
0 0.4014423076923077 0.6442307692307693 0.4014423076923077 0.38221153846153844
0 0.4987980769230769 0.671875 0.6730769230769231 0.34615384615384615
0 0.23197115384615385 0.5853365384615384 0.06490384615384616 0.07692307692307693
0 0.9230769230769231 0.3918269230769231 0.14903846153846154 0.2403846153846154
0 0.25721153846153844 0.2091346153846154 0.4182692307692308 0.4182692307692308
0 0.7475961538461539 0.3088942307692308 0.37259615384615385 0.4375
0 0.9711538461538461 0.38341346153846156 0.052884615384615384 0.43509615384615385
0 0.7091346153846154 0.14302884615384615 0.38461538461538464 0.25961538461538464
0 0.9098557692307693 0.22235576923076922 0.17548076923076922 0.21394230769230768
0 0.3401442307692308 0.7872596153846154 0.12259615384615384 0.09615384615384616
