0 0.19110576923076922 0.5985576923076923 0.07692307692307693 0.20673076923076922
0 0.7596153846153846 0.625 0.052884615384615384 0.12980769230769232
0 0.47475961538461536 0.6814903846153846 0.07692307692307693 0.052884615384615384
0 0.31850961538461536 0.6959134615384616 0.18269230769230768 0.07211538461538461
0 0.6286057692307693 0.7115384615384616 0.21634615384615385 0.20673076923076922
0 0.20552884615384615 0.7740384615384616 0.23076923076923078 0.15384615384615385
0 0.8197115384615384 0.3485576923076923 0.08653846153846154 0.10096153846153846
0 0.7055288461538461 0.35096153846153844 0.13701923076923078 0.09615384615384616
0 0.3245192307692308 0.3545673076923077 0.22355769230769232 0.13701923076923078
0 0.5348557692307693 0.35697115384615385 0.18990384615384615 0.1201923076923077
0 0.8629807692307693 0.5480769230769231 0.0673076923076923 0.14423076923076922
