0 0.7355769230769231 0.2704326923076923 0.11538461538461539 0.12980769230769232
0 0.7632211538461539 0.31850961538461536 0.43509615384615385 0.3245192307692308
0 0.828125 0.36177884615384615 0.15144230769230768 0.1201923076923077
0 0.65625 0.3004807692307692 0.15144230769230768 0.1201923076923077
0 0.5853365384615384 0.42788461538461536 0.11298076923076923 0.11778846153846154
0 0.5817307692307693 0.47716346153846156 0.17307692307692307 0.18028846153846154
0 0.5985576923076923 0.49759615384615385 0.13701923076923078 0.14903846153846154
0 0.5985576923076923 0.5889423076923077 0.10576923076923077 0.08413461538461539
0 0.6838942307692307 0.6418269230769231 0.125 0.1346153846153846
0 0.6117788461538461 0.6069711538461539 0.22355769230769232 0.18509615384615385
0 0.13701923076923078 0.4495192307692308 0.27403846153846156 0.33653846153846156
0 0.28846153846153844 0.5252403846153846 0.5769230769230769 0.6899038461538461
0 0.39663461538461536 0.625 0.2644230769230769 0.27884615384615385
0 0.6574519230769231 0.7932692307692307 0.27884615384615385 0.2644230769230769
0 0.296875 0.8052884615384616 0.2932692307692308 0.2644230769230769
0 0.6177884615384616 0.9326923076923077 0.2403846153846154 0.12980769230769232
0 0.037259615384615384 0.6490384615384616 0.07451923076923077 0.20673076923076922
