0 0.6442307692307693 0.30408653846153844 0.24519230769230768 0.13221153846153846
0 0.6346153846153846 0.3233173076923077 0.14182692307692307 0.125
0 0.3581730769230769 0.5408653846153846 0.11778846153846154 0.12259615384615384
0 0.34975961538461536 0.6081730769230769 0.43028846153846156 0.2860576923076923
0 0.8125 0.6322115384615384 0.11298076923076923 0.15384615384615385
0 0.35216346153846156 0.6262019230769231 0.08653846153846154 0.11298076923076923
0 0.22355769230769232 0.6225961538461539 0.1201923076923077 0.0889423076923077
0 0.5144230769230769 0.6550480769230769 0.0889423076923077 0.10817307692307693
0 0.4423076923076923 0.7487980769230769 0.17067307692307693 0.10576923076923077
0 0.5841346153846154 0.7560096153846154 0.13942307692307693 0.0985576923076923
