0 0.22235576923076922 0.4362980769230769 0.038461538461538464 0.06009615384615385
0 0.18629807692307693 0.41225961538461536 0.2980769230769231 0.16105769230769232
0 0.4483173076923077 0.4423076923076923 0.03125 0.03365384615384615
0 0.15384615384615385 0.390625 0.052884615384615384 0.07211538461538461
0 0.3557692307692308 0.4098557692307692 0.49038461538461536 0.1778846153846154
0 0.4182692307692308 0.40625 0.27163461538461536 0.21394230769230768
0 0.08173076923076923 0.3629807692307692 0.038461538461538464 0.04326923076923077
0 0.24639423076923078 0.38221153846153844 0.040865384615384616 0.057692307692307696
0 0.5516826923076923 0.4026442307692308 0.04567307692307692 0.040865384615384616
0 0.7427884615384616 0.3605769230769231 0.057692307692307696 0.0625
0 0.17908653846153846 0.28365384615384615 0.06971153846153846 0.0625
0 0.4375 0.27403846153846156 0.10096153846153846 0.1346153846153846
0 0.6514423076923077 0.2704326923076923 0.10576923076923077 0.12980769230769232
0 0.5949519230769231 0.25961538461538464 0.2692307692307692 0.23557692307692307
0 0.9723557692307693 0.30528846153846156 0.04567307692307692 0.0985576923076923
0 0.890625 0.26802884615384615 0.21394230769230768 0.19471153846153846
0 0.49158653846153844 0.21875 0.39663461538461536 0.4375
0 0.7235576923076923 0.21995192307692307 0.46875 0.4326923076923077
0 0.53125 0.09495192307692307 0.07451923076923077 0.10096153846153846
