0 0.14543269230769232 0.36778846153846156 0.09134615384615384 0.12740384615384615
0 0.6141826923076923 0.35336538461538464 0.0889423076923077 0.09615384615384616
0 0.8966346153846154 0.3557692307692308 0.04567307692307692 0.07451923076923077
0 0.1346153846153846 0.25240384615384615 0.12980769230769232 0.11778846153846154
0 0.7415865384615384 0.29447115384615385 0.06009615384615385 0.06971153846153846
0 0.6490384615384616 0.2824519230769231 0.07451923076923077 0.13701923076923078
0 0.8269230769230769 0.25 0.0673076923076923 0.08173076923076923
0 0.7007211538461539 0.23076923076923078 0.019230769230769232 0.055288461538461536
0 0.5925480769230769 0.18990384615384615 0.04807692307692308 0.04567307692307692
0 0.32091346153846156 0.16105769230769232 0.21394230769230768 0.18028846153846154
0 0.625 0.11177884615384616 0.09615384615384616 0.12740384615384615
0 0.4483173076923077 0.09375 0.08653846153846154 0.17307692307692307
0 0.5396634615384616 0.08533653846153846 0.10096153846153846 0.16346153846153846
0 0.7247596153846154 0.08653846153846154 0.12259615384615384 0.12980769230769232
0 0.3870192307692308 0.7475961538461539 0.27163461538461536 0.1875
0 0.2127403846153846 0.7235576923076923 0.14182692307692307 0.14903846153846154
0 0.31009615384615385 0.71875 0.08173076923076923 0.10096153846153846
0 0.3954326923076923 0.7223557692307693 0.09134615384615384 0.09134615384615384
0 0.21995192307692307 0.7043269230769231 0.07692307692307693 0.0889423076923077
0 0.4675480769230769 0.7175480769230769 0.04326923076923077 0.0625
0 0.09134615384615384 0.41225961538461536 0.07451923076923077 0.08413461538461539
