0 0.4326923076923077 0.5829326923076923 0.13221153846153846 0.08413461538461539
0 0.43990384615384615 0.5721153846153846 0.07211538461538461 0.036057692307692304
0 0.5384615384615384 0.5625 0.07932692307692307 0.040865384615384616
0 0.65625 0.5516826923076923 0.10096153846153846 0.07451923076923077
0 0.3737980769230769 0.46875 0.07211538461538461 0.11538461538461539
0 0.5829326923076923 0.48677884615384615 0.10336538461538461 0.11298076923076923
0 0.4639423076923077 0.41947115384615385 0.1658653846153846 0.11057692307692307
0 0.2932692307692308 0.375 0.2091346153846154 0.11298076923076923
0 0.5673076923076923 0.375 0.10096153846153846 0.10817307692307693
0 0.46153846153846156 0.33533653846153844 0.12740384615384615 0.11538461538461539
