0 0.4987980769230769 0.39302884615384615 0.08653846153846154 0.07692307692307693
0 0.15625 0.44350961538461536 0.11057692307692307 0.15865384615384615
0 0.09014423076923077 0.45913461538461536 0.18028846153846154 0.27403846153846156
0 0.47115384615384615 0.453125 0.17307692307692307 0.2764423076923077
0 0.3016826923076923 0.4639423076923077 0.5120192307692307 0.24278846153846154
0 0.6213942307692307 0.4795673076923077 0.040865384615384616 0.0673076923076923
0 0.3137019230769231 0.5300480769230769 0.052884615384615384 0.07451923076923077
0 0.6394230769230769 0.6069711538461539 0.08413461538461539 0.11538461538461539
0 0.6502403846153846 0.7079326923076923 0.0625 0.06009615384615385
0 0.5913461538461539 0.78125 0.1778846153846154 0.17307692307692307
0 0.6658653846153846 0.78125 0.22596153846153846 0.33413461538461536
0 0.6947115384615384 0.8028846153846154 0.06009615384615385 0.09615384615384616
