0 0.3942307692307692 0.2403846153846154 0.07692307692307693 0.17548076923076922
0 0.5913461538461539 0.2439903846153846 0.0673076923076923 0.09134615384615384
0 0.20552884615384615 0.35697115384615385 0.15384615384615385 0.125
0 0.7776442307692307 0.3329326923076923 0.4375 0.46634615384615385
0 0.9362980769230769 0.33653846153846156 0.12259615384615384 0.3245192307692308
0 0.23677884615384615 0.41346153846153844 0.4735576923076923 0.6442307692307693
0 0.0733173076923077 0.4699519230769231 0.1466346153846154 0.31971153846153844
0 0.5757211538461539 0.46153846153846156 0.1466346153846154 0.23076923076923078
0 0.578125 0.4723557692307692 0.16826923076923078 0.25721153846153844
0 0.171875 0.5180288461538461 0.11778846153846154 0.14423076923076922
0 0.8701923076923077 0.5144230769230769 0.1466346153846154 0.20673076923076922
0 0.33774038461538464 0.6622596153846154 0.10336538461538461 0.22115384615384615
0 0.46274038461538464 0.6911057692307693 0.14903846153846154 0.4206730769230769
0 0.9459134615384616 0.6754807692307693 0.10336538461538461 0.33653846153846156
0 0.8125 0.7223557692307693 0.18509615384615385 0.22596153846153846
0 0.7824519230769231 0.8605769230769231 0.18509615384615385 0.24759615384615385
0 0.3798076923076923 0.12980769230769232 0.1201923076923077 0.16346153846153846
0 0.6478365384615384 0.16826923076923078 0.07451923076923077 0.13942307692307693
0 0.7896634615384616 0.16466346153846154 0.11057692307692307 0.23557692307692307
