0 0.36778846153846156 0.5661057692307693 0.10817307692307693 0.09615384615384616
0 0.4651442307692308 0.5120192307692307 0.07692307692307693 0.07932692307692307
0 0.38100961538461536 0.5276442307692307 0.25961538461538464 0.21153846153846154
0 0.3245192307692308 0.5324519230769231 0.0985576923076923 0.07932692307692307
0 0.4387019230769231 0.47475961538461536 0.10096153846153846 0.0673076923076923
0 0.3088942307692308 0.49759615384615385 0.10576923076923077 0.09615384615384616
0 0.4026442307692308 0.44350961538461536 0.08653846153846154 0.052884615384615384
0 0.23076923076923078 0.19471153846153846 0.05048076923076923 0.06971153846153846
0 0.15865384615384615 0.1971153846153846 0.0889423076923077 0.07932692307692307
0 0.31971153846153844 0.15625 0.125 0.14423076923076922
0 0.390625 0.12259615384615384 0.30528846153846156 0.24519230769230768
0 0.41947115384615385 0.10576923076923077 0.21394230769230768 0.21153846153846154
0 0.14903846153846154 0.1658653846153846 0.2980769230769231 0.2403846153846154
0 0.15745192307692307 0.12620192307692307 0.24278846153846154 0.16105769230769232
