0 0.2668269230769231 0.30408653846153844 0.05048076923076923 0.05048076923076923
0 0.35096153846153844 0.3004807692307692 0.08413461538461539 0.13221153846153846
0 0.16706730769230768 0.32572115384615385 0.06009615384615385 0.10336538461538461
0 0.7439903846153846 0.296875 0.07211538461538461 0.07451923076923077
0 0.6442307692307693 0.4951923076923077 0.07451923076923077 0.10336538461538461
0 0.8449519230769231 0.5180288461538461 0.04807692307692308 0.040865384615384616
0 0.5444711538461539 0.6105769230769231 0.0625 0.06009615384615385
0 0.6538461538461539 0.6754807692307693 0.06009615384615385 0.055288461538461536
0 0.6490384615384616 0.6862980769230769 0.04807692307692308 0.05048076923076923
0 0.2704326923076923 0.7223557692307693 0.07692307692307693 0.11298076923076923
0 0.33413461538461536 0.7379807692307693 0.08173076923076923 0.08413461538461539
0 0.09615384615384616 0.7692307692307693 0.0985576923076923 0.2620192307692308
0 0.17908653846153846 0.8401442307692307 0.07692307692307693 0.10096153846153846
0 0.7295673076923077 0.11899038461538461 0.07692307692307693 0.09615384615384616
0 0.42427884615384615 0.1814903846153846 0.0673076923076923 0.06009615384615385
