0 0.34975961538461536 0.6634615384615384 0.6586538461538461 0.5480769230769231
0 0.46274038461538464 0.6634615384615384 0.1466346153846154 0.14423076923076922
0 0.7512019230769231 0.4951923076923077 0.49278846153846156 0.7740384615384616
0 0.3713942307692308 0.8221153846153846 0.12740384615384615 0.15384615384615385
0 0.8040865384615384 0.6298076923076923 0.1201923076923077 0.14903846153846154
0 0.49278846153846156 0.8341346153846154 0.11057692307692307 0.14423076923076922
0 0.9579326923076923 0.6550480769230769 0.07932692307692307 0.18028846153846154
0 0.6899038461538461 0.8725961538461539 0.18990384615384615 0.1971153846153846
0 0.47596153846153844 0.2920673076923077 0.10336538461538461 0.09134615384615384
0 0.39302884615384615 0.3485576923076923 0.08413461538461539 0.09375
0 0.39302884615384615 0.3485576923076923 0.31490384615384615 0.21634615384615385
0 0.6177884615384616 0.453125 0.15865384615384615 0.14903846153846154
0 0.33533653846153844 0.6201923076923077 0.125 0.1201923076923077
0 0.7800480769230769 0.4074519230769231 0.20673076923076922 0.23557692307692307
