0 0.30288461538461536 0.41947115384615385 0.16346153846153846 0.07211538461538461
0 0.4266826923076923 0.4495192307692308 0.17548076923076922 0.10096153846153846
0 0.43028846153846156 0.4543269230769231 0.30288461538461536 0.16346153846153846
0 0.6346153846153846 0.5697115384615384 0.11298076923076923 0.06490384615384616
0 0.11658653846153846 0.578125 0.07692307692307693 0.07211538461538461
0 0.24278846153846154 0.5925480769230769 0.10336538461538461 0.07451923076923077
0 0.1346153846153846 0.609375 0.2403846153846154 0.2644230769230769
0 0.6862980769230769 0.6430288461538461 0.11298076923076923 0.052884615384615384
0 0.31971153846153844 0.6658653846153846 0.10096153846153846 0.10817307692307693
0 0.4362980769230769 0.6730769230769231 0.09134615384615384 0.06971153846153846
0 0.10336538461538461 0.703125 0.13221153846153846 0.0673076923076923
0 0.6298076923076923 0.7199519230769231 0.17067307692307693 0.08413461538461539
