0 0.3894230769230769 0.5757211538461539 0.0625 0.08413461538461539
0 0.3858173076923077 0.5793269230769231 0.06009615384615385 0.07692307692307693
0 0.4495192307692308 0.5877403846153846 0.23557692307692307 0.16346153846153846
0 0.47596153846153844 0.5925480769230769 0.06009615384615385 0.07692307692307693
0 0.43028846153846156 0.5997596153846154 0.06490384615384616 0.07932692307692307
0 0.5324519230769231 0.5865384615384616 0.057692307692307696 0.07211538461538461
0 0.5264423076923077 0.5985576923076923 0.06490384615384616 0.08413461538461539
0 0.4735576923076923 0.6129807692307693 0.04807692307692308 0.10336538461538461
0 0.6310096153846154 0.7091346153846154 0.07692307692307693 0.08653846153846154
0 0.43028846153846156 0.7824519230769231 0.040865384615384616 0.052884615384615384
0 0.5985576923076923 0.7644230769230769 0.14423076923076922 0.07451923076923077
0 0.4026442307692308 0.7956730769230769 0.14903846153846154 0.11778846153846154
0 0.6923076923076923 0.7487980769230769 0.07451923076923077 0.07451923076923077
0 0.4963942307692308 0.796875 0.057692307692307696 0.08413461538461539
0 0.5997596153846154 0.7908653846153846 0.2932692307692308 0.21394230769230768
0 0.3545673076923077 0.8353365384615384 0.06490384615384616 0.07451923076923077
0 0.47115384615384615 0.8521634615384616 0.1466346153846154 0.06009615384615385
0 0.5925480769230769 0.8413461538461539 0.10096153846153846 0.11057692307692307
0 0.7692307692307693 0.8245192307692307 0.06009615384615385 0.05048076923076923
0 0.8257211538461539 0.8713942307692307 0.08173076923076923 0.07692307692307693
0 0.9447115384615384 0.8882211538461539 0.10576923076923077 0.07932692307692307
