0 0.3713942307692308 0.5961538461538461 0.23557692307692307 0.24759615384615385
0 0.6225961538461539 0.4855769230769231 0.7475961538461539 0.4831730769230769
0 0.9002403846153846 0.5120192307692307 0.19471153846153846 0.2644230769230769
0 0.6394230769230769 0.7367788461538461 0.23076923076923078 0.23317307692307693
0 0.4879807692307692 0.23197115384615385 0.16346153846153846 0.17067307692307693
0 0.4266826923076923 0.3088942307692308 0.1466346153846154 0.18990384615384615
0 0.22716346153846154 0.47836538461538464 0.17307692307692307 0.18028846153846154
0 0.6586538461538461 0.27163461538461536 0.18269230769230768 0.2283653846153846
0 0.5769230769230769 0.3713942307692308 0.25 0.2764423076923077
0 0.19471153846153846 0.640625 0.3245192307692308 0.34134615384615385
0 0.41586538461538464 0.53125 0.25721153846153844 0.25
