0 0.9074519230769231 0.35697115384615385 0.17307692307692307 0.21634615384615385
0 0.8173076923076923 0.3798076923076923 0.125 0.24278846153846154
0 0.734375 0.3870192307692308 0.2283653846153846 0.3317307692307692
0 0.6550480769230769 0.3629807692307692 0.28365384615384615 0.3557692307692308
0 0.5492788461538461 0.38100961538461536 0.2091346153846154 0.35096153846153844
0 0.3329326923076923 0.3485576923076923 0.2283653846153846 0.34615384615384615
0 0.35096153846153844 0.19471153846153846 0.1658653846153846 0.16105769230769232
0 0.06370192307692307 0.25961538461538464 0.12740384615384615 0.10336538461538461
0 0.7788461538461539 0.7740384615384616 0.17548076923076922 0.125
0 0.6802884615384616 0.7608173076923077 0.12980769230769232 0.125
0 0.6045673076923077 0.7716346153846154 0.12259615384615384 0.13701923076923078
0 0.46274038461538464 0.7932692307692307 0.14903846153846154 0.18509615384615385
0 0.5540865384615384 0.7475961538461539 0.08173076923076923 0.09134615384615384
0 0.7896634615384616 0.6754807692307693 0.13942307692307693 0.15144230769230768
0 0.35216346153846156 0.7800480769230769 0.14423076923076922 0.17067307692307693
0 0.24759615384615385 0.7728365384615384 0.18990384615384615 0.17307692307692307
0 0.5673076923076923 0.5516826923076923 0.0673076923076923 0.09375
0 0.6935096153846154 0.5108173076923077 0.06490384615384616 0.0985576923076923
0 0.6358173076923077 0.5048076923076923 0.0985576923076923 0.10576923076923077
