0 0.4879807692307692 0.38822115384615385 0.3293269230769231 0.21394230769230768
0 0.9074519230769231 0.33052884615384615 0.18028846153846154 0.6514423076923077
0 0.21995192307692307 0.22716346153846154 0.10576923076923077 0.09134615384615384
0 0.6911057692307693 0.16466346153846154 0.36778846153846156 0.21153846153846154
0 0.41346153846153844 0.10817307692307693 0.2403846153846154 0.20432692307692307
0 0.078125 0.06129807692307692 0.09615384615384616 0.09375
0 0.7379807692307693 0.042067307692307696 0.27403846153846156 0.07692307692307693
0 0.051682692307692304 0.8942307692307693 0.10336538461538461 0.1875
0 0.5612980769230769 0.84375 0.15384615384615385 0.1778846153846154
0 0.7548076923076923 0.8341346153846154 0.24519230769230768 0.24519230769230768
0 0.7043269230769231 0.765625 0.32211538461538464 0.3293269230769231
0 0.29086538461538464 0.7043269230769231 0.4230769230769231 0.2980769230769231
0 0.47716346153846156 0.5745192307692307 0.24759615384615385 0.27163461538461536
0 0.08052884615384616 0.5144230769230769 0.0985576923076923 0.15865384615384615
0 0.12259615384615384 0.5048076923076923 0.24519230769230768 0.36538461538461536
0 0.4951923076923077 0.4987980769230769 0.9903846153846154 0.9975961538461539
