0 0.6394230769230769 0.7932692307692307 0.052884615384615384 0.11778846153846154
0 0.7920673076923077 0.8016826923076923 0.13221153846153846 0.0889423076923077
0 0.5432692307692307 0.8125 0.1346153846153846 0.07211538461538461
0 0.41947115384615385 0.42788461538461536 0.03125 0.07211538461538461
0 0.46875 0.43028846153846156 0.14423076923076922 0.08173076923076923
0 0.48677884615384615 0.43028846153846156 0.05048076923076923 0.06490384615384616
0 0.3245192307692308 0.5432692307692307 0.04326923076923077 0.04326923076923077
0 0.2764423076923077 0.5733173076923077 0.057692307692307696 0.0673076923076923
0 0.5757211538461539 0.5793269230769231 0.08653846153846154 0.10336538461538461
0 0.39663461538461536 0.5793269230769231 0.052884615384615384 0.07692307692307693
0 0.46153846153846156 0.6057692307692307 0.09134615384615384 0.08173076923076923
0 0.4675480769230769 0.6081730769230769 0.35096153846153844 0.11057692307692307
0 0.34134615384615385 0.6129807692307693 0.07451923076923077 0.057692307692307696
0 0.6466346153846154 0.6790865384615384 0.18269230769230768 0.25721153846153844
0 0.25961538461538464 0.6802884615384616 0.04567307692307692 0.0673076923076923
0 0.8293269230769231 0.6875 0.09134615384615384 0.16105769230769232
0 0.7103365384615384 0.7355769230769231 0.1201923076923077 0.16105769230769232
0 0.9038461538461539 0.7451923076923077 0.08413461538461539 0.09615384615384616
