0 0.2512019230769231 0.7163461538461539 0.09134615384615384 0.11538461538461539
0 0.953125 0.546875 0.0889423076923077 0.11778846153846154
0 0.3245192307692308 0.8341346153846154 0.21394230769230768 0.24519230769230768
0 0.8798076923076923 0.7091346153846154 0.1346153846153846 0.10817307692307693
0 0.5108173076923077 0.8689903846153846 0.18028846153846154 0.21875
0 0.5540865384615384 0.18990384615384615 0.10817307692307693 0.0985576923076923
0 0.5228365384615384 0.34975961538461536 0.1875 0.15865384615384615
0 0.6526442307692307 0.3173076923076923 0.17067307692307693 0.1658653846153846
0 0.4326923076923077 0.4567307692307692 0.07451923076923077 0.09375
0 0.6923076923076923 0.35697115384615385 0.1778846153846154 0.14182692307692307
0 0.5516826923076923 0.42427884615384615 0.13942307692307693 0.13942307692307693
0 0.7980769230769231 0.35216346153846156 0.11057692307692307 0.11778846153846154
0 0.38221153846153844 0.546875 0.07932692307692307 0.09134615384615384
0 0.6370192307692307 0.49158653846153844 0.16826923076923078 0.1778846153846154
