0 0.5673076923076923 0.44471153846153844 0.16105769230769232 0.1778846153846154
0 0.45913461538461536 0.31971153846153844 0.17307692307692307 0.18028846153846154
0 0.5228365384615384 0.2620192307692308 0.16105769230769232 0.15865384615384615
0 0.8798076923076923 0.4483173076923077 0.14903846153846154 0.14423076923076922
0 0.37740384615384615 0.15625 0.1971153846153846 0.2283653846153846
0 0.5192307692307693 0.24158653846153846 0.6105769230769231 0.4831730769230769
0 0.6850961538461539 0.2704326923076923 0.15384615384615385 0.16105769230769232
0 0.48677884615384615 0.15625 0.1658653846153846 0.1875
0 0.39783653846153844 0.09254807692307693 0.1466346153846154 0.16346153846153846
0 0.5600961538461539 0.12139423076923077 0.18269230769230768 0.2091346153846154
0 0.8882211538461539 0.30408653846153844 0.18509615384615385 0.21153846153846154
0 0.9807692307692307 0.3701923076923077 0.03365384615384615 0.13942307692307693
0 0.5204326923076923 0.5384615384615384 0.13942307692307693 0.11538461538461539
