0 0.3269230769230769 0.265625 0.10817307692307693 0.10576923076923077
0 0.6201923076923077 0.14302884615384615 0.10576923076923077 0.125
0 0.025240384615384616 0.4675480769230769 0.05048076923076923 0.17548076923076922
0 0.484375 0.21995192307692307 0.0673076923076923 0.07451923076923077
0 0.09615384615384616 0.41346153846153844 0.18028846153846154 0.1466346153846154
0 0.23798076923076922 0.35216346153846156 0.16826923076923078 0.1658653846153846
0 0.5997596153846154 0.1778846153846154 0.06971153846153846 0.06009615384615385
0 0.5204326923076923 0.22235576923076922 0.052884615384615384 0.06490384615384616
0 0.5516826923076923 0.21514423076923078 0.08173076923076923 0.07932692307692307
0 0.3329326923076923 0.3233173076923077 0.10336538461538461 0.10096153846153846
0 0.46274038461538464 0.2620192307692308 0.06009615384615385 0.06490384615384616
0 0.02283653846153846 0.4963942307692308 0.04567307692307692 0.12740384615384615
0 0.3942307692307692 0.29927884615384615 0.09615384615384616 0.0889423076923077
0 0.6971153846153846 0.4326923076923077 0.0673076923076923 0.08653846153846154
0 0.8100961538461539 0.3894230769230769 0.125 0.16105769230769232
0 0.7560096153846154 0.4699519230769231 0.09375 0.10096153846153846
0 0.8161057692307693 0.4879807692307692 0.10576923076923077 0.13221153846153846
0 0.7668269230769231 0.5240384615384616 0.13221153846153846 0.1346153846153846
0 0.921875 0.44711538461538464 0.15144230769230768 0.1875
0 0.8894230769230769 0.49759615384615385 0.08173076923076923 0.0985576923076923
0 0.7548076923076923 0.6117788461538461 0.08173076923076923 0.0673076923076923
0 0.9639423076923077 0.5120192307692307 0.0673076923076923 0.13942307692307693
0 0.8389423076923077 0.6899038461538461 0.2091346153846154 0.20192307692307693
0 0.796875 0.7247596153846154 0.14903846153846154 0.20432692307692307
0 0.18269230769230768 0.23557692307692307 0.19471153846153846 0.18509615384615385
0 0.04807692307692308 0.3088942307692308 0.09615384615384616 0.13221153846153846
0 0.3629807692307692 0.15144230769230768 0.1346153846153846 0.14182692307692307
0 0.421875 0.16466346153846154 0.0985576923076923 0.09615384615384616
0 0.11899038461538461 0.32091346153846156 0.17307692307692307 0.15144230769230768
0 0.5288461538461539 0.13701923076923078 0.12980769230769232 0.10576923076923077
0 0.37259615384615385 0.23557692307692307 0.10576923076923077 0.10576923076923077
