0 0.7548076923076923 0.6646634615384616 0.036057692307692304 0.04326923076923077
0 0.7295673076923077 0.6466346153846154 0.2091346153846154 0.17548076923076922
0 0.6983173076923077 0.6262019230769231 0.04567307692307692 0.04567307692307692
0 0.5673076923076923 0.5480769230769231 0.05048076923076923 0.04807692307692308
0 0.7007211538461539 0.6033653846153846 0.07451923076923077 0.08413461538461539
0 0.47836538461538464 0.4891826923076923 0.2860576923076923 0.21875
0 0.734375 0.6141826923076923 0.057692307692307696 0.057692307692307696
0 0.5 0.4951923076923077 0.038461538461538464 0.036057692307692304
0 0.5673076923076923 0.5060096153846154 0.08173076923076923 0.07451923076923077
0 0.49038461538461536 0.46274038461538464 0.0673076923076923 0.06009615384615385
0 0.43509615384615385 0.43028846153846156 0.0625 0.07692307692307693
0 0.484375 0.4483173076923077 0.06971153846153846 0.06490384615384616
0 0.41947115384615385 0.39903846153846156 0.055288461538461536 0.055288461538461536
0 0.22596153846153846 0.29927884615384615 0.06009615384615385 0.057692307692307696
0 0.78125 0.5709134615384616 0.04326923076923077 0.04326923076923077
0 0.8076923076923077 0.4879807692307692 0.0625 0.06971153846153846
0 0.7884615384615384 0.44711538461538464 0.12740384615384615 0.0985576923076923
