0 0.33052884615384615 0.2668269230769231 0.36778846153846156 0.3076923076923077
0 0.6298076923076923 0.4074519230769231 0.2980769230769231 0.24519230769230768
0 0.45552884615384615 0.3858173076923077 0.1201923076923077 0.12259615384615384
0 0.7944711538461539 0.71875 0.40625 0.5576923076923077
0 0.07091346153846154 0.4423076923076923 0.14182692307692307 0.2932692307692308
0 0.7283653846153846 0.8605769230769231 0.2668269230769231 0.2620192307692308
0 0.43509615384615385 0.7692307692307693 0.2980769230769231 0.3269230769230769
0 0.21033653846153846 0.6935096153846154 0.20673076923076922 0.25
0 0.07572115384615384 0.6887019230769231 0.15144230769230768 0.2091346153846154
0 0.3076923076923077 0.7692307692307693 0.6153846153846154 0.4567307692307692
0 0.2824519230769231 0.8677884615384616 0.23798076923076922 0.1658653846153846
