0 0.6478365384615384 0.33413461538461536 0.6586538461538461 0.5528846153846154
0 0.5336538461538461 0.33533653846153844 0.14903846153846154 0.14423076923076922
0 0.2512019230769231 0.5120192307692307 0.5024038461538461 0.7740384615384616
0 0.6225961538461539 0.17668269230769232 0.12740384615384615 0.15384615384615385
0 0.1935096153846154 0.3762019230769231 0.12259615384615384 0.14903846153846154
0 0.5024038461538461 0.1658653846153846 0.11298076923076923 0.14423076923076922
0 0.040865384615384616 0.3545673076923077 0.08173076923076923 0.18028846153846154
0 0.30408653846153844 0.1310096153846154 0.18990384615384615 0.1971153846153846
0 0.5276442307692307 0.7067307692307693 0.10336538461538461 0.09134615384615384
0 0.609375 0.6502403846153846 0.08413461538461539 0.09615384615384616
0 0.609375 0.6502403846153846 0.3125 0.22115384615384615
0 0.38221153846153844 0.5480769230769231 0.16105769230769232 0.15144230769230768
0 0.6622596153846154 0.37740384615384615 0.125 0.1201923076923077
0 0.22115384615384615 0.5973557692307693 0.2091346153846154 0.23557692307692307
