0 0.4326923076923077 0.9567307692307693 0.10576923076923077 0.0673076923076923
0 0.15745192307692307 0.40865384615384615 0.18990384615384615 0.21634615384615385
0 0.5997596153846154 0.34975961538461536 0.19230769230769232 0.20673076923076922
0 0.3762019230769231 0.3737980769230769 0.28125 0.23317307692307693
0 0.625 0.23918269230769232 0.4495192307692308 0.3173076923076923
0 0.19471153846153846 0.25961538461538464 0.18028846153846154 0.11778846153846154
0 0.46875 0.22115384615384615 0.20192307692307693 0.28125
0 0.6382211538461539 0.16466346153846154 0.22355769230769232 0.2692307692307692
0 0.6201923076923077 0.8257211538461539 0.14182692307692307 0.1201923076923077
0 0.3317307692307692 0.7944711538461539 0.10576923076923077 0.22115384615384615
0 0.6730769230769231 0.7415865384615384 0.15865384615384615 0.13221153846153846
0 0.23557692307692307 0.6850961538461539 0.18269230769230768 0.1346153846153846
0 0.3173076923076923 0.6189903846153846 0.0889423076923077 0.19951923076923078
0 0.7331730769230769 0.5408653846153846 0.16346153846153846 0.15384615384615385
0 0.6550480769230769 0.5420673076923077 0.35336538461538464 0.34375
0 0.2247596153846154 0.5637019230769231 0.10817307692307693 0.10576923076923077
0 0.3004807692307692 0.5432692307692307 0.30528846153846156 0.17067307692307693
0 0.4483173076923077 0.9495192307692307 0.1658653846153846 0.09615384615384616
