0 0.7319711538461539 0.1971153846153846 0.08173076923076923 0.08413461538461539
0 0.30288461538461536 0.328125 0.08653846153846154 0.14423076923076922
0 0.6875 0.27283653846153844 0.04807692307692308 0.057692307692307696
0 0.036057692307692304 0.4423076923076923 0.07211538461538461 0.22115384615384615
0 0.9447115384615384 0.29447115384615385 0.052884615384615384 0.07451923076923077
0 0.8737980769230769 0.3401442307692308 0.15384615384615385 0.16105769230769232
0 0.6033653846153846 0.41225961538461536 0.08413461538461539 0.10096153846153846
0 0.8137019230769231 0.3870192307692308 0.15865384615384615 0.22115384615384615
0 0.5600961538461539 0.45552884615384615 0.08413461538461539 0.0889423076923077
0 0.5709134615384616 0.4963942307692308 0.14423076923076922 0.11778846153846154
0 0.7584134615384616 0.49038461538461536 0.10817307692307693 0.17067307692307693
0 0.6586538461538461 0.5348557692307693 0.125 0.1346153846153846
0 0.5048076923076923 0.052884615384615384 0.09615384615384616 0.10576923076923077
0 0.5889423076923077 0.5889423076923077 0.17067307692307693 0.1875
0 0.05889423076923077 0.7247596153846154 0.07692307692307693 0.18269230769230768
0 0.4987980769230769 0.6598557692307693 0.14903846153846154 0.17548076923076922
0 0.15264423076923078 0.7836538461538461 0.15865384615384615 0.23557692307692307
0 0.4098557692307692 0.7379807692307693 0.14182692307692307 0.10336538461538461
0 0.7415865384615384 0.6682692307692307 0.14423076923076922 0.18269230769230768
0 0.5120192307692307 0.08653846153846154 0.21634615384615385 0.17307692307692307
0 0.6274038461538461 0.04567307692307692 0.06009615384615385 0.09134615384615384
0 0.6478365384615384 0.8100961538461539 0.3076923076923077 0.3701923076923077
0 0.2860576923076923 0.8954326923076923 0.20673076923076922 0.20432692307692307
0 0.4362980769230769 0.8449519230769231 0.2620192307692308 0.30528846153846156
0 0.3112980769230769 0.9651442307692307 0.23798076923076922 0.06490384615384616
0 0.39302884615384615 0.140625 0.24519230769230768 0.2548076923076923
0 0.5204326923076923 0.12259615384615384 0.0673076923076923 0.08413461538461539
0 0.15144230769230768 0.21634615384615385 0.21634615384615385 0.22115384615384615
0 0.3581730769230769 0.18269230769230768 0.16105769230769232 0.2283653846153846
0 0.7379807692307693 0.109375 0.055288461538461536 0.057692307692307696
0 0.18269230769230768 0.24759615384615385 0.36538461538461536 0.33653846153846156
0 0.6862980769230769 0.13822115384615385 0.07451923076923077 0.09615384615384616
0 0.10576923076923077 0.28846153846153844 0.15625 0.18028846153846154
0 0.8329326923076923 0.16826923076923078 0.0673076923076923 0.08173076923076923
