0 0.1778846153846154 0.3449519230769231 0.12259615384615384 0.17067307692307693
0 0.4675480769230769 0.4567307692307692 0.07211538461538461 0.10817307692307693
0 0.18990384615384615 0.33533653846153844 0.13221153846153846 0.15384615384615385
0 0.3401442307692308 0.3449519230769231 0.09134615384615384 0.07211538461538461
0 0.5504807692307693 0.4338942307692308 0.08413461538461539 0.09615384615384616
0 0.46153846153846156 0.3942307692307692 0.125 0.1346153846153846
0 0.24759615384615385 0.30288461538461536 0.0673076923076923 0.07692307692307693
0 0.1814903846153846 0.7463942307692307 0.2860576923076923 0.23076923076923078
0 0.4699519230769231 0.859375 0.052884615384615384 0.06490384615384616
0 0.140625 0.7079326923076923 0.125 0.13221153846153846
0 0.2091346153846154 0.7295673076923077 0.09375 0.1346153846153846
0 0.2620192307692308 0.7512019230769231 0.0625 0.09134615384615384
0 0.45913461538461536 0.8353365384615384 0.2980769230769231 0.2403846153846154
0 0.5372596153846154 0.8617788461538461 0.12259615384615384 0.14182692307692307
0 0.3918269230769231 0.7920673076923077 0.11778846153846154 0.13942307692307693
0 0.45072115384615385 0.8149038461538461 0.06490384615384616 0.07932692307692307
