0 0.25841346153846156 0.3762019230769231 0.04326923076923077 0.06009615384615385
0 0.19230769230769232 0.3425480769230769 0.10096153846153846 0.07692307692307693
0 0.42908653846153844 0.38822115384615385 0.052884615384615384 0.08653846153846154
0 0.5144230769230769 0.40384615384615385 0.10817307692307693 0.125
0 0.25600961538461536 0.33413461538461536 0.19230769230769232 0.1875
0 0.7055288461538461 0.421875 0.0985576923076923 0.12259615384615384
0 0.6081730769230769 0.3870192307692308 0.09134615384615384 0.10576923076923077
0 0.2956730769230769 0.3173076923076923 0.0625 0.07451923076923077
0 0.3701923076923077 0.32211538461538464 0.125 0.12740384615384615
0 0.39663461538461536 0.32211538461538464 0.0673076923076923 0.07451923076923077
0 0.5432692307692307 0.328125 0.11778846153846154 0.12259615384615384
0 0.46153846153846156 0.30649038461538464 0.0625 0.0985576923076923
0 0.5264423076923077 0.28966346153846156 0.0673076923076923 0.07451923076923077
0 0.6370192307692307 0.2980769230769231 0.10336538461538461 0.16826923076923078
0 0.7271634615384616 0.3016826923076923 0.12740384615384615 0.10336538461538461
0 0.5733173076923077 0.22115384615384615 0.11538461538461539 0.09615384615384616
0 0.45072115384615385 0.7139423076923077 0.28125 0.1875
0 0.5216346153846154 0.703125 0.12740384615384615 0.11298076923076923
0 0.35697115384615385 0.6610576923076923 0.06490384615384616 0.06971153846153846
0 0.5120192307692307 0.6274038461538461 0.09134615384615384 0.10576923076923077
0 0.41346153846153844 0.5985576923076923 0.07692307692307693 0.07692307692307693
0 0.45913461538461536 0.6081730769230769 0.03125 0.0673076923076923
0 0.22355769230769232 0.4639423076923077 0.0673076923076923 0.125
0 0.7800480769230769 0.5769230769230769 0.125 0.10817307692307693
0 0.3112980769230769 0.45072115384615385 0.09615384615384616 0.09615384615384616
0 0.3137019230769231 0.4519230769230769 0.14423076923076922 0.1778846153846154
