0 0.2824519230769231 0.5336538461538461 0.18509615384615385 0.18028846153846154
0 0.8978365384615384 0.5180288461538461 0.14182692307692307 0.23317307692307693
0 0.9290865384615384 0.5324519230769231 0.13701923076923078 0.28125
0 0.37740384615384615 0.5637019230769231 0.2283653846153846 0.12740384615384615
0 0.7427884615384616 0.5673076923076923 0.21153846153846154 0.10096153846153846
0 0.5504807692307693 0.59375 0.16826923076923078 0.06971153846153846
0 0.984375 0.59375 0.026442307692307692 0.12980769230769232
0 0.39302884615384615 0.33774038461538464 0.15625 0.0985576923076923
0 0.5516826923076923 0.3713942307692308 0.14903846153846154 0.0889423076923077
0 0.7415865384615384 0.3762019230769231 0.14903846153846154 0.07932692307692307
0 0.06490384615384616 0.5204326923076923 0.12259615384615384 0.18269230769230768
