0 0.65625 0.4987980769230769 0.3245192307692308 0.18269230769230768
0 0.4098557692307692 0.23677884615384615 0.13221153846153846 0.07451923076923077
0 0.8810096153846154 0.1466346153846154 0.08413461538461539 0.040865384615384616
0 0.7043269230769231 0.12620192307692307 0.11538461538461539 0.0673076923076923
0 0.15625 0.14182692307692307 0.23076923076923078 0.23557692307692307
0 0.8942307692307693 0.038461538461538464 0.13942307692307693 0.07692307692307693
0 0.9735576923076923 0.7415865384615384 0.04807692307692308 0.06490384615384616
0 0.6141826923076923 0.7716346153846154 0.1778846153846154 0.09615384615384616
0 0.8257211538461539 0.75 0.23317307692307693 0.07692307692307693
0 0.13341346153846154 0.7019230769230769 0.22115384615384615 0.1778846153846154
0 0.34615384615384615 0.6129807692307693 0.1971153846153846 0.12259615384615384
0 0.15384615384615385 0.5757211538461539 0.19471153846153846 0.21875
0 0.8846153846153846 0.5024038461538461 0.22115384615384615 0.17307692307692307
