0 0.33533653846153844 0.6177884615384616 0.12980769230769232 0.13221153846153846
0 0.22596153846153846 0.7536057692307693 0.22115384615384615 0.15144230769230768
0 0.6478365384615384 0.7067307692307693 0.23317307692307693 0.19951923076923078
0 0.17548076923076922 0.8461538461538461 0.20192307692307693 0.13701923076923078
0 0.42788461538461536 0.8197115384615384 0.12740384615384615 0.11298076923076923
0 0.5649038461538461 0.8185096153846154 0.10336538461538461 0.07451923076923077
0 0.15985576923076922 0.9314903846153846 0.13701923076923078 0.13221153846153846
0 0.3473557692307692 0.9158653846153846 0.2091346153846154 0.16346153846153846
0 0.6983173076923077 0.9146634615384616 0.22115384615384615 0.13942307692307693
0 0.9483173076923077 0.8689903846153846 0.0985576923076923 0.06009615384615385
0 0.4675480769230769 0.27403846153846156 0.1778846153846154 0.18028846153846154
0 0.5552884615384616 0.2620192307692308 0.41586538461538464 0.2091346153846154
0 0.6622596153846154 0.23197115384615385 0.18990384615384615 0.13942307692307693
0 0.3798076923076923 0.34975961538461536 0.0985576923076923 0.07211538461538461
