0 0.5504807692307693 0.5228365384615384 0.08173076923076923 0.057692307692307696
0 0.6045673076923077 0.5276442307692307 0.3629807692307692 0.1346153846153846
0 0.6021634615384616 0.5288461538461539 0.0673076923076923 0.0889423076923077
0 0.4699519230769231 0.5480769230769231 0.057692307692307696 0.07692307692307693
0 0.7127403846153846 0.5588942307692307 0.12980769230769232 0.18269230769230768
0 0.7692307692307693 0.8665865384615384 0.12740384615384615 0.11538461538461539
0 0.3485576923076923 0.8762019230769231 0.18269230769230768 0.12980769230769232
0 0.6189903846153846 0.8762019230769231 0.13942307692307693 0.14423076923076922
0 0.18629807692307693 0.8834134615384616 0.12740384615384615 0.12980769230769232
0 0.15625 0.8918269230769231 0.1346153846153846 0.14182692307692307
0 0.15384615384615385 0.9146634615384616 0.07692307692307693 0.09134615384615384
