0 0.53125 0.4651442307692308 0.057692307692307696 0.052884615384615384
0 0.5420673076923077 0.5 0.18028846153846154 0.09615384615384616
0 0.5733173076923077 0.5132211538461539 0.057692307692307696 0.06971153846153846
0 0.5132211538461539 0.5721153846153846 0.07451923076923077 0.12740384615384615
0 0.4735576923076923 0.5661057692307693 0.08173076923076923 0.13221153846153846
0 0.5552884615384616 0.5973557692307693 0.08173076923076923 0.1346153846153846
0 0.31971153846153844 0.5925480769230769 0.07932692307692307 0.09615384615384616
0 0.3329326923076923 0.6057692307692307 0.11778846153846154 0.11298076923076923
0 0.38100961538461536 0.6322115384615384 0.08653846153846154 0.10096153846153846
0 0.4891826923076923 0.6658653846153846 0.06009615384615385 0.06490384615384616
0 0.18389423076923078 0.5757211538461539 0.07932692307692307 0.12740384615384615
0 0.41346153846153844 0.6742788461538461 0.07211538461538461 0.08413461538461539
0 0.5012019230769231 0.7103365384615384 0.0625 0.06490384615384616
0 0.33653846153846156 0.6634615384615384 0.07211538461538461 0.07932692307692307
0 0.22115384615384615 0.6466346153846154 0.09134615384615384 0.13701923076923078
0 0.6959134615384616 0.8221153846153846 0.09615384615384616 0.10817307692307693
0 0.38461538461538464 0.7379807692307693 0.08653846153846154 0.10096153846153846
0 0.5456730769230769 0.7956730769230769 0.07932692307692307 0.0889423076923077
0 0.5528846153846154 0.8016826923076923 0.11057692307692307 0.1201923076923077
0 0.27403846153846156 0.7223557692307693 0.08413461538461539 0.10576923076923077
0 0.109375 0.6838942307692307 0.13942307692307693 0.1346153846153846
0 0.1935096153846154 0.7548076923076923 0.06971153846153846 0.08653846153846154
0 0.7427884615384616 0.9146634615384616 0.12980769230769232 0.1658653846153846
0 0.8100961538461539 0.9483173076923077 0.07451923076923077 0.08653846153846154
0 0.8545673076923077 0.96875 0.06009615384615385 0.057692307692307696
0 0.24158653846153846 0.7860576923076923 0.0985576923076923 0.08653846153846154
0 0.296875 0.8161057692307693 0.11298076923076923 0.12980769230769232
0 0.5901442307692307 0.9230769230769231 0.1346153846153846 0.13221153846153846
0 0.46153846153846156 0.8882211538461539 0.10096153846153846 0.12740384615384615
0 0.375 0.8689903846153846 0.08413461538461539 0.06971153846153846
