0 0.4735576923076923 0.40865384615384615 0.1875 0.2692307692307692
0 0.375 0.34134615384615385 0.1466346153846154 0.17548076923076922
0 0.3858173076923077 0.3401442307692308 0.42788461538461536 0.30288461538461536
0 0.8233173076923077 0.4951923076923077 0.08653846153846154 0.14423076923076922
0 0.21394230769230768 0.2620192307692308 0.11057692307692307 0.11057692307692307
0 0.42788461538461536 0.22956730769230768 0.17067307692307693 0.14182692307692307
0 0.6790865384615384 0.28725961538461536 0.09134615384615384 0.10576923076923077
0 0.5685096153846154 0.22596153846153846 0.15625 0.15384615384615385
0 0.5913461538461539 0.734375 0.2860576923076923 0.24278846153846154
0 0.5204326923076923 0.6935096153846154 0.18028846153846154 0.19230769230769232
0 0.6670673076923077 0.7283653846153846 0.23317307692307693 0.28125
