0 0.5901442307692307 0.5769230769230769 0.23557692307692307 0.23076923076923078
0 0.8293269230769231 0.5372596153846154 0.2860576923076923 0.2932692307692308
0 0.3942307692307692 0.6045673076923077 0.24278846153846154 0.1875
0 0.2091346153846154 0.59375 0.19951923076923078 0.16105769230769232
0 0.026442307692307692 0.484375 0.052884615384615384 0.10817307692307693
0 0.35216346153846156 0.375 0.53125 0.44471153846153844
0 0.8605769230769231 0.08173076923076923 0.17307692307692307 0.16346153846153846
0 0.03125 0.18629807692307693 0.0625 0.20432692307692307
0 0.7980769230769231 0.018028846153846152 0.19230769230769232 0.036057692307692304
0 0.6502403846153846 0.7115384615384616 0.20673076923076922 0.20673076923076922
0 0.3557692307692308 0.7379807692307693 0.35096153846153844 0.21634615384615385
0 0.5576923076923077 0.6129807692307693 0.8798076923076923 0.4567307692307692
