0 0.6935096153846154 0.4170673076923077 0.10817307692307693 0.11538461538461539
0 0.7704326923076923 0.36538461538461536 0.12980769230769232 0.05048076923076923
0 0.7247596153846154 0.3161057692307692 0.34615384615384615 0.3173076923076923
0 0.19831730769230768 0.28725961538461536 0.09615384615384616 0.08173076923076923
0 0.6887019230769231 0.2620192307692308 0.09615384615384616 0.12980769230769232
0 0.8173076923076923 0.2548076923076923 0.10817307692307693 0.15384615384615385
0 0.5336538461538461 0.21995192307692307 0.15865384615384615 0.08653846153846154
0 0.3713942307692308 0.6983173076923077 0.11298076923076923 0.06971153846153846
0 0.4074519230769231 0.6971153846153846 0.35096153846153844 0.14903846153846154
0 0.49278846153846156 0.6875 0.10817307692307693 0.052884615384615384
0 0.3016826923076923 0.6526442307692307 0.09615384615384616 0.06971153846153846
