0 0.3293269230769231 0.6802884615384616 0.06490384615384616 0.04807692307692308
0 0.4206730769230769 0.6983173076923077 0.18990384615384615 0.08173076923076923
0 0.5600961538461539 0.7019230769230769 0.11778846153846154 0.06490384615384616
0 0.20793269230769232 0.7391826923076923 0.1466346153846154 0.125
0 0.08413461538461539 0.7463942307692307 0.08173076923076923 0.05048076923076923
0 0.25 0.7860576923076923 0.43509615384615385 0.0673076923076923
0 0.3485576923076923 0.796875 0.09615384615384616 0.04807692307692308
0 0.1935096153846154 0.8197115384615384 0.11057692307692307 0.07211538461538461
0 0.5673076923076923 0.8605769230769231 0.11538461538461539 0.07451923076923077
0 0.33774038461538464 0.9146634615384616 0.15144230769230768 0.0889423076923077
0 0.11538461538461539 0.9254807692307693 0.12740384615384615 0.10817307692307693
0 0.9615384615384616 0.9663461538461539 0.07211538461538461 0.06490384615384616
