0 0.31009615384615385 0.3737980769230769 0.36778846153846156 0.08173076923076923
0 0.7824519230769231 0.3798076923076923 0.04807692307692308 0.07932692307692307
0 0.5685096153846154 0.4050480769230769 0.14423076923076922 0.13701923076923078
0 0.4074519230769231 0.042067307692307696 0.0985576923076923 0.04807692307692308
0 0.6850961538461539 0.42908653846153844 0.0889423076923077 0.1346153846153846
0 0.41947115384615385 0.046875 0.28125 0.09375
0 0.3137019230769231 0.057692307692307696 0.06009615384615385 0.07932692307692307
0 0.7451923076923077 0.5817307692307693 0.46634615384615385 0.8293269230769231
0 0.84375 0.5889423076923077 0.1346153846153846 0.14182692307692307
0 0.03485576923076923 0.6201923076923077 0.057692307692307696 0.21153846153846154
0 0.25240384615384615 0.7019230769230769 0.5048076923076923 0.5817307692307693
0 0.5048076923076923 0.07091346153846154 0.0985576923076923 0.14182692307692307
0 0.21754807692307693 0.7524038461538461 0.07451923076923077 0.16346153846153846
0 0.6526442307692307 0.7560096153846154 0.20673076923076922 0.3701923076923077
0 0.8401442307692307 0.8449519230769231 0.18990384615384615 0.21634615384615385
0 0.1346153846153846 0.9242788461538461 0.12740384615384615 0.14423076923076922
0 0.33533653846153844 0.9375 0.22115384615384615 0.1201923076923077
0 0.5264423076923077 0.10697115384615384 0.057692307692307696 0.10336538461538461
0 0.40024038461538464 0.1201923076923077 0.08653846153846154 0.07211538461538461
0 0.4254807692307692 0.27403846153846156 0.06009615384615385 0.11057692307692307
0 0.3293269230769231 0.28725961538461536 0.0889423076923077 0.12259615384615384
0 0.6911057692307693 0.3449519230769231 0.09375 0.15625
