0 0.6274038461538461 0.49759615384615385 0.052884615384615384 0.0625
0 0.5456730769230769 0.6225961538461539 0.23557692307692307 0.3076923076923077
0 0.5192307692307693 0.7007211538461539 0.1346153846153846 0.14182692307692307
0 0.5084134615384616 0.7331730769230769 0.13221153846153846 0.12740384615384615
0 0.421875 0.7884615384615384 0.3125 0.3389423076923077
0 0.8810096153846154 0.5024038461538461 0.23317307692307693 0.5480769230769231
0 0.8257211538461539 0.578125 0.25961538461538464 0.30288461538461536
0 0.7944711538461539 0.6081730769230769 0.09615384615384616 0.11057692307692307
0 0.7079326923076923 0.6742788461538461 0.14182692307692307 0.17307692307692307
0 0.7283653846153846 0.6382211538461539 0.5384615384615384 0.6658653846153846
0 0.8581730769230769 0.6117788461538461 0.10817307692307693 0.10817307692307693
0 0.9507211538461539 0.5757211538461539 0.09375 0.18990384615384615
0 0.9675480769230769 0.5805288461538461 0.06009615384615385 0.06009615384615385
0 0.5204326923076923 0.8978365384615384 0.1658653846153846 0.16826923076923078
0 0.43990384615384615 0.8978365384615384 0.46634615384615385 0.19951923076923078
0 0.4182692307692308 0.9651442307692307 0.16346153846153846 0.06490384615384616
0 0.9146634615384616 0.7836538461538461 0.15625 0.14903846153846154
