0 0.8401442307692307 0.6442307692307693 0.16105769230769232 0.21394230769230768
0 0.6370192307692307 0.625 0.09375 0.15384615384615385
0 0.9110576923076923 0.7283653846153846 0.1346153846153846 0.21634615384615385
0 0.49759615384615385 0.6141826923076923 0.23317307692307693 0.2283653846153846
0 0.06009615384615385 0.49158653846153844 0.1201923076923077 0.2091346153846154
0 0.12379807692307693 0.5444711538461539 0.13701923076923078 0.14903846153846154
0 0.515625 0.6778846153846154 0.5024038461538461 0.21153846153846154
0 0.3269230769230769 0.6310096153846154 0.16105769230769232 0.18028846153846154
0 0.6899038461538461 0.75 0.33653846153846156 0.25240384615384615
0 0.4735576923076923 0.6694711538461539 0.9471153846153846 0.65625
0 0.06850961538461539 0.6105769230769231 0.13701923076923078 0.16826923076923078
0 0.22716346153846154 0.6706730769230769 0.15865384615384615 0.21153846153846154
