0 0.3389423076923077 0.203125 0.10096153846153846 0.10336538461538461
0 0.27524038461538464 0.24639423076923078 0.07211538461538461 0.07932692307692307
0 0.4026442307692308 0.1778846153846154 0.09375 0.1346153846153846
0 0.31490384615384615 0.23197115384615385 0.19230769230769232 0.18509615384615385
0 0.3401442307692308 0.23317307692307693 0.0673076923076923 0.07932692307692307
0 0.5757211538461539 0.4230769230769231 0.08173076923076923 0.07692307692307693
0 0.38221153846153844 0.6201923076923077 0.13221153846153846 0.13942307692307693
0 0.24759615384615385 0.7307692307692307 0.10817307692307693 0.12740384615384615
0 0.4254807692307692 0.7620192307692307 0.08653846153846154 0.08413461538461539
0 0.5216346153846154 0.7307692307692307 0.09134615384615384 0.09375
0 0.6538461538461539 0.7043269230769231 0.25721153846153844 0.24759615384615385
0 0.5348557692307693 0.8677884615384616 0.06490384615384616 0.07451923076923077
0 0.9879807692307693 0.7211538461538461 0.019230769230769232 0.11057692307692307
