0 0.43990384615384615 0.41466346153846156 0.036057692307692304 0.05048076923076923
0 0.08052884615384616 0.4266826923076923 0.15865384615384615 0.12259615384615384
0 0.5048076923076923 0.43509615384615385 0.04326923076923077 0.07451923076923077
0 0.828125 0.48197115384615385 0.03125 0.08653846153846154
0 0.8701923076923077 0.7115384615384616 0.052884615384615384 0.11057692307692307
0 0.5300480769230769 0.8016826923076923 0.14903846153846154 0.3581730769230769
0 0.2548076923076923 0.8076923076923077 0.35096153846153844 0.24278846153846154
0 0.14783653846153846 0.9362980769230769 0.055288461538461536 0.038461538461538464
0 0.3641826923076923 0.9519230769230769 0.0985576923076923 0.08653846153846154
0 0.4519230769230769 0.9567307692307693 0.06971153846153846 0.06490384615384616
0 0.2608173076923077 0.9735576923076923 0.07451923076923077 0.04807692307692308
