0 0.4170673076923077 0.6141826923076923 0.15384615384615385 0.17307692307692307
0 0.4639423076923077 0.6141826923076923 0.14423076923076922 0.16826923076923078
0 0.30408653846153844 0.7584134615384616 0.13942307692307693 0.16826923076923078
0 0.1622596153846154 0.8305288461538461 0.20673076923076922 0.15384615384615385
0 0.46153846153846156 0.7692307692307693 0.09615384615384616 0.14423076923076922
0 0.5540865384615384 0.7548076923076923 0.44471153846153844 0.4855769230769231
0 0.3786057692307692 0.8425480769230769 0.09134615384615384 0.08653846153846154
0 0.4639423076923077 0.8293269230769231 0.7451923076923077 0.33653846153846156
0 0.3125 0.9026442307692307 0.14903846153846154 0.18990384615384615
0 0.8040865384615384 0.8064903846153846 0.1971153846153846 0.21153846153846154
0 0.35216346153846156 0.9362980769230769 0.15625 0.12259615384615384
0 0.5168269230769231 0.9074519230769231 0.23076923076923078 0.18028846153846154
0 0.7019230769230769 0.9026442307692307 0.14903846153846154 0.13942307692307693
0 0.8425480769230769 0.8942307692307693 0.10817307692307693 0.08653846153846154
0 0.5072115384615384 0.5408653846153846 0.125 0.12980769230769232
