0 0.4098557692307692 0.41225961538461536 0.08173076923076923 0.0673076923076923
0 0.8100961538461539 0.296875 0.0985576923076923 0.0625
0 0.18389423076923078 0.34134615384615385 0.08173076923076923 0.055288461538461536
0 0.27524038461538464 0.2668269230769231 0.0889423076923077 0.09615384615384616
0 0.7487980769230769 0.2247596153846154 0.0889423076923077 0.14423076923076922
0 0.11538461538461539 0.19591346153846154 0.038461538461538464 0.0673076923076923
0 0.609375 0.057692307692307696 0.08173076923076923 0.06009615384615385
0 0.49399038461538464 0.046875 0.08653846153846154 0.07692307692307693
0 0.7752403846153846 0.47836538461538464 0.038461538461538464 0.057692307692307696
0 0.6201923076923077 0.47475961538461536 0.06009615384615385 0.036057692307692304
0 0.33413461538461536 0.4963942307692308 0.0625 0.08653846153846154
