0 0.10817307692307693 0.8040865384615384 0.09134615384615384 0.11298076923076923
0 0.2776442307692308 0.7716346153846154 0.10817307692307693 0.13701923076923078
0 0.21033653846153846 0.7920673076923077 0.08173076923076923 0.07932692307692307
0 0.8653846153846154 0.6033653846153846 0.1201923076923077 0.14182692307692307
0 0.4963942307692308 0.7307692307692307 0.1971153846153846 0.3173076923076923
0 0.35697115384615385 0.7956730769230769 0.11778846153846154 0.10096153846153846
0 0.5264423076923077 0.7463942307692307 0.1201923076923077 0.1466346153846154
0 0.7079326923076923 0.7139423076923077 0.07211538461538461 0.08173076923076923
0 0.6514423076923077 0.7403846153846154 0.08173076923076923 0.11778846153846154
0 0.6478365384615384 0.7584134615384616 0.21153846153846154 0.1778846153846154
0 0.4362980769230769 0.8233173076923077 0.125 0.18269230769230768
0 0.2800480769230769 0.43509615384615385 0.08413461538461539 0.06009615384615385
0 0.2824519230769231 0.4411057692307692 0.19471153846153846 0.14423076923076922
0 0.5588942307692307 0.3870192307692308 0.20673076923076922 0.15625
0 0.5985576923076923 0.40024038461538464 0.07211538461538461 0.07211538461538461
