0 0.4699519230769231 0.4807692307692308 0.13701923076923078 0.07932692307692307
0 0.30649038461538464 0.5072115384615384 0.16346153846153846 0.13701923076923078
0 0.43149038461538464 0.4879807692307692 0.04807692307692308 0.04807692307692308
0 0.265625 0.5384615384615384 0.038461538461538464 0.06009615384615385
0 0.3245192307692308 0.5336538461538461 0.040865384615384616 0.055288461538461536
0 0.6033653846153846 0.5721153846153846 0.0889423076923077 0.1658653846153846
0 0.6790865384615384 0.5721153846153846 0.08173076923076923 0.10096153846153846
0 0.21995192307692307 0.6766826923076923 0.05048076923076923 0.057692307692307696
0 0.7728365384615384 0.5973557692307693 0.4495192307692308 0.3870192307692308
0 0.9098557692307693 0.5829326923076923 0.08173076923076923 0.10817307692307693
0 0.2247596153846154 0.7391826923076923 0.14423076923076922 0.3485576923076923
0 0.9867788461538461 0.6201923076923077 0.021634615384615384 0.0625
0 0.16466346153846154 0.7692307692307693 0.0625 0.07451923076923077
0 0.8689903846153846 0.6766826923076923 0.06971153846153846 0.11778846153846154
0 0.3245192307692308 0.7920673076923077 0.5841346153846154 0.2764423076923077
0 0.32572115384615385 0.8016826923076923 0.06971153846153846 0.08653846153846154
0 0.44711538461538464 0.8173076923076923 0.11057692307692307 0.10096153846153846
0 0.13221153846153846 0.8677884615384616 0.11778846153846154 0.15144230769230768
0 0.23197115384615385 0.8725961538461539 0.08413461538461539 0.10576923076923077
