0 0.7019230769230769 0.40865384615384615 0.2091346153846154 0.09134615384615384
0 0.375 0.40384615384615385 0.10817307692307693 0.15384615384615385
0 0.4543269230769231 0.43149038461538464 0.07692307692307693 0.08653846153846154
0 0.4110576923076923 0.4362980769230769 0.04326923076923077 0.06971153846153846
0 0.49158653846153844 0.46274038461538464 0.03125 0.055288461538461536
0 0.3161057692307692 0.46153846153846156 0.026442307692307692 0.040865384615384616
0 0.5673076923076923 0.6286057692307693 0.04807692307692308 0.055288461538461536
0 0.5120192307692307 0.6514423076923077 0.0889423076923077 0.05048076923076923
0 0.5925480769230769 0.6634615384615384 0.06490384615384616 0.0889423076923077
0 0.953125 0.7319711538461539 0.055288461538461536 0.07932692307692307
0 0.9459134615384616 0.734375 0.07211538461538461 0.09615384615384616
0 0.7560096153846154 0.7235576923076923 0.11298076923076923 0.15384615384615385
0 0.5841346153846154 0.7067307692307693 0.0985576923076923 0.0625
0 0.4951923076923077 0.7115384615384616 0.10576923076923077 0.08653846153846154
0 0.15625 0.6911057692307693 0.07211538461538461 0.09134615384615384
0 0.5817307692307693 0.7608173076923077 0.20673076923076922 0.28846153846153844
0 0.7127403846153846 0.7788461538461539 0.07692307692307693 0.0889423076923077
0 0.6141826923076923 0.7788461538461539 0.08653846153846154 0.11057692307692307
0 0.34134615384615385 0.7560096153846154 0.07692307692307693 0.10096153846153846
0 0.4074519230769231 0.7668269230769231 0.06490384615384616 0.10817307692307693
0 0.27884615384615385 0.7752403846153846 0.040865384615384616 0.055288461538461536
0 0.44711538461538464 0.7932692307692307 0.08173076923076923 0.1346153846153846
0 0.18028846153846154 0.765625 0.15865384615384615 0.08413461538461539
0 0.21634615384615385 0.8689903846153846 0.02403846153846154 0.038461538461538464
