0 0.23677884615384615 0.21514423076923078 0.06971153846153846 0.09134615384615384
0 0.5913461538461539 0.38461538461538464 0.14903846153846154 0.16826923076923078
0 0.8521634615384616 0.40865384615384615 0.29086538461538464 0.5240384615384616
0 0.17908653846153846 0.8112980769230769 0.18990384615384615 0.15865384615384615
0 0.5336538461538461 0.1346153846153846 0.22596153846153846 0.2692307692307692
0 0.6298076923076923 0.16346153846153846 0.21634615384615385 0.28846153846153844
0 0.5096153846153846 0.8533653846153846 0.5384615384615384 0.28846153846153844
0 0.41586538461538464 0.8629807692307693 0.2283653846153846 0.25721153846153844
0 0.078125 0.6598557692307693 0.15625 0.1466346153846154
0 0.6574519230769231 0.8762019230769231 0.2091346153846154 0.24278846153846154
0 0.1622596153846154 0.4675480769230769 0.15865384615384615 0.21394230769230768
0 0.15865384615384615 0.4543269230769231 0.3173076923076923 0.41346153846153844
0 0.08173076923076923 0.38461538461538464 0.12980769230769232 0.18028846153846154
0 0.18389423076923078 0.4098557692307692 0.36778846153846156 0.4110576923076923
0 0.33052884615384615 0.4795673076923077 0.17067307692307693 0.28365384615384615
0 0.47475961538461536 0.40384615384615385 0.2403846153846154 0.28846153846153844
0 0.3389423076923077 0.30288461538461536 0.11298076923076923 0.1346153846153846
