0 0.5252403846153846 0.5252403846153846 0.12980769230769232 0.0625
0 0.6911057692307693 0.5300480769230769 0.15144230769230768 0.1201923076923077
0 0.5649038461538461 0.5252403846153846 0.04567307692307692 0.04326923076923077
0 0.7379807692307693 0.5072115384615384 0.03125 0.057692307692307696
0 0.6790865384615384 0.5 0.036057692307692304 0.052884615384615384
0 0.41225961538461536 0.40865384615384615 0.07211538461538461 0.15865384615384615
0 0.33774038461538464 0.3942307692307692 0.06971153846153846 0.09375
0 0.8088942307692307 0.3798076923076923 0.04567307692307692 0.052884615384615384
0 0.234375 0.34975961538461536 0.4495192307692308 0.33413461538461536
0 0.11298076923076923 0.34134615384615385 0.06971153846153846 0.10096153846153846
0 0.8149038461538461 0.3173076923076923 0.10336538461538461 0.34134615384615385
0 0.030048076923076924 0.2860576923076923 0.04567307692307692 0.055288461538461536
0 0.8810096153846154 0.29927884615384615 0.052884615384615384 0.0673076923076923
0 0.171875 0.25600961538461536 0.057692307692307696 0.11298076923076923
0 0.7199519230769231 0.24879807692307693 0.5552884615384616 0.21394230769230768
0 0.7283653846153846 0.23677884615384615 0.0625 0.07932692307692307
0 0.6129807692307693 0.19831730769230768 0.10096153846153846 0.09134615384615384
0 0.9314903846153846 0.2091346153846154 0.10336538461538461 0.13942307692307693
0 0.8341346153846154 0.18629807692307693 0.07211538461538461 0.09615384615384616
