0 0.4206730769230769 0.6959134615384616 0.22596153846153846 0.21153846153846154
0 0.6165865384615384 0.6177884615384616 0.19230769230769232 0.27403846153846156
0 0.7560096153846154 0.5252403846153846 0.1971153846153846 0.20192307692307693
0 0.3076923076923077 0.5685096153846154 0.18028846153846154 0.21634615384615385
0 0.125 0.5817307692307693 0.25 0.27403846153846156
0 0.5096153846153846 0.4723557692307692 0.8004807692307693 0.8221153846153846
0 0.46274038461538464 0.43028846153846156 0.19951923076923078 0.2692307692307692
0 0.7980769230769231 0.31850961538461536 0.19951923076923078 0.3389423076923077
0 0.6334134615384616 0.28846153846153844 0.25961538461538464 0.34134615384615385
0 0.38341346153846156 0.24879807692307693 0.2956730769230769 0.32211538461538464
0 0.12139423076923077 0.19591346153846154 0.24278846153846154 0.2860576923076923
0 0.8509615384615384 0.8401442307692307 0.18028846153846154 0.21634615384615385
0 0.9423076923076923 0.7992788461538461 0.10817307692307693 0.11298076923076923
0 0.2956730769230769 0.8581730769230769 0.15625 0.16346153846153846
0 0.6069711538461539 0.7920673076923077 0.22115384615384615 0.22115384615384615
0 0.9387019230769231 0.7175480769230769 0.11778846153846154 0.2620192307692308
0 0.7584134615384616 0.7163461538461539 0.18269230769230768 0.22355769230769232
0 0.8617788461538461 0.6394230769230769 0.12740384615384615 0.1875
