0 0.6778846153846154 0.38822115384615385 0.06971153846153846 0.08653846153846154
0 0.8076923076923077 0.32091346153846156 0.08413461538461539 0.055288461538461536
0 0.7824519230769231 0.29086538461538464 0.05048076923076923 0.05048076923076923
0 0.5769230769230769 0.3173076923076923 0.06490384615384616 0.09615384615384616
0 0.7019230769230769 0.28365384615384615 0.15865384615384615 0.20673076923076922
0 0.6189903846153846 0.2848557692307692 0.07211538461538461 0.09134615384615384
0 0.8149038461538461 0.2247596153846154 0.11298076923076923 0.09375
0 0.4795673076923077 0.24879807692307693 0.0985576923076923 0.08413461538461539
0 0.5649038461538461 0.18870192307692307 0.07211538461538461 0.09134615384615384
0 0.765625 0.15264423076923078 0.12740384615384615 0.16346153846153846
0 0.6899038461538461 0.14423076923076922 0.09134615384615384 0.125
0 0.8353365384615384 0.09615384615384616 0.125 0.12980769230769232
0 0.4230769230769231 0.16706730769230768 0.09615384615384616 0.13221153846153846
0 0.6646634615384616 0.05048076923076923 0.12740384615384615 0.10096153846153846
0 0.4831730769230769 0.057692307692307696 0.1201923076923077 0.11538461538461539
