0 0.3701923076923077 0.5564903846153846 0.04326923076923077 0.0985576923076923
0 0.3786057692307692 0.5865384615384616 0.1201923076923077 0.06971153846153846
0 0.48677884615384615 0.6021634615384616 0.1201923076923077 0.07451923076923077
0 0.2980769230769231 0.71875 0.036057692307692304 0.0889423076923077
0 0.578125 0.7776442307692307 0.17548076923076922 0.08173076923076923
0 0.34615384615384615 0.7932692307692307 0.1466346153846154 0.1201923076923077
0 0.5408653846153846 0.8125 0.23557692307692307 0.14182692307692307
0 0.6298076923076923 0.8653846153846154 0.08173076923076923 0.04567307692307692
0 0.6959134615384616 0.8798076923076923 0.055288461538461536 0.04567307692307692
0 0.7391826923076923 0.9086538461538461 0.06971153846153846 0.036057692307692304
0 0.8858173076923077 0.9555288461538461 0.1658653846153846 0.04567307692307692
