0 0.5348557692307693 0.7283653846153846 0.10817307692307693 0.1201923076923077
0 0.5036057692307693 0.7103365384615384 0.24519230769230768 0.21153846153846154
0 0.3389423076923077 0.5973557692307693 0.11298076923076923 0.10576923076923077
0 0.4735576923076923 0.65625 0.08413461538461539 0.07211538461538461
0 0.5949519230769231 0.7079326923076923 0.06490384615384616 0.06009615384615385
0 0.2932692307692308 0.4879807692307692 0.13701923076923078 0.1466346153846154
0 0.4050480769230769 0.5264423076923077 0.10336538461538461 0.09615384615384616
0 0.3293269230769231 0.4735576923076923 0.15144230769230768 0.1466346153846154
0 0.5625 0.3088942307692308 0.11778846153846154 0.16346153846153846
0 0.4987980769230769 0.25 0.15144230769230768 0.17307692307692307
0 0.23918269230769232 0.12740384615384615 0.1346153846153846 0.21153846153846154
0 0.2764423076923077 0.026442307692307692 0.1346153846153846 0.052884615384615384
