0 0.6826923076923077 0.640625 0.23076923076923078 0.17067307692307693
0 0.31009615384615385 0.5 0.16346153846153846 0.1971153846153846
0 0.1658653846153846 0.4735576923076923 0.08173076923076923 0.11538461538461539
0 0.21754807692307693 0.5060096153846154 0.16105769230769232 0.18028846153846154
0 0.7055288461538461 0.7620192307692307 0.25961538461538464 0.24278846153846154
0 0.484375 0.6838942307692307 0.13221153846153846 0.14182692307692307
0 0.38341346153846156 0.6634615384615384 0.125 0.15625
0 0.140625 0.5673076923076923 0.2091346153846154 0.19230769230769232
0 0.2644230769230769 0.6730769230769231 0.15144230769230768 0.18028846153846154
0 0.35216346153846156 0.7692307692307693 0.27163461538461536 0.22115384615384615
0 0.4074519230769231 0.08173076923076923 0.11538461538461539 0.16105769230769232
0 0.453125 0.16826923076923078 0.35336538461538464 0.2980769230769231
0 0.4831730769230769 0.19591346153846154 0.11057692307692307 0.10576923076923077
0 0.33052884615384615 0.18028846153846154 0.11298076923076923 0.11057692307692307
0 0.5360576923076923 0.2980769230769231 0.15625 0.15625
0 0.37740384615384615 0.23317307692307693 0.0985576923076923 0.16346153846153846
0 0.5072115384615384 0.4675480769230769 0.17067307692307693 0.18509615384615385
