0 0.7103365384615384 0.26322115384615385 0.18509615384615385 0.24519230769230768
0 0.8449519230769231 0.18870192307692307 0.15625 0.19230769230769232
0 0.33052884615384615 0.28365384615384615 0.6610576923076923 0.5673076923076923
0 0.78125 0.20793269230769232 0.39903846153846156 0.41586538461538464
0 0.46274038461538464 0.203125 0.23076923076923078 0.2932692307692308
0 0.8557692307692307 0.09254807692307693 0.1778846153846154 0.18509615384615385
0 0.11778846153846154 0.21394230769230768 0.23557692307692307 0.2980769230769231
0 0.6923076923076923 0.10576923076923077 0.16346153846153846 0.21153846153846154
0 0.2824519230769231 0.1502403846153846 0.16826923076923078 0.24278846153846154
0 0.39903846153846156 0.9194711538461539 0.1346153846153846 0.14182692307692307
0 0.5673076923076923 0.8713942307692307 0.5432692307692307 0.25240384615384615
0 0.5264423076923077 0.8774038461538461 0.10576923076923077 0.18269230769230768
0 0.7139423076923077 0.8137019230769231 0.20192307692307693 0.21153846153846154
