0 0.4495192307692308 0.30408653846153844 0.11057692307692307 0.13701923076923078
0 0.5721153846153846 0.2776442307692308 0.15865384615384615 0.15144230769230768
0 0.34975961538461536 0.35336538461538464 0.13942307692307693 0.11057692307692307
0 0.5685096153846154 0.4206730769230769 0.10336538461538461 0.09615384615384616
0 0.5432692307692307 0.5144230769230769 0.1201923076923077 0.11298076923076923
0 0.49399038461538464 0.5673076923076923 0.5841346153846154 0.8605769230769231
0 0.9615384615384616 0.5637019230769231 0.07211538461538461 0.15144230769230768
0 0.6598557692307693 0.7175480769230769 0.17307692307692307 0.21875
0 0.2776442307692308 0.8629807692307693 0.12980769230769232 0.10576923076923077
0 0.8737980769230769 0.7572115384615384 0.21394230769230768 0.23557692307692307
0 0.6105769230769231 0.8425480769230769 0.23798076923076922 0.2692307692307692
0 0.20673076923076922 0.9423076923076923 0.19230769230769232 0.11057692307692307
0 0.2644230769230769 0.25600961538461536 0.0889423076923077 0.07692307692307693
