0 0.6670673076923077 0.5372596153846154 0.13701923076923078 0.13942307692307693
0 0.35216346153846156 0.3942307692307692 0.16105769230769232 0.16105769230769232
0 0.7307692307692307 0.5432692307692307 0.10096153846153846 0.11538461538461539
0 0.8112980769230769 0.49759615384615385 0.0889423076923077 0.10096153846153846
0 0.609375 0.4050480769230769 0.17067307692307693 0.22355769230769232
0 0.7067307692307693 0.43990384615384615 0.11298076923076923 0.125
0 0.4014423076923077 0.24639423076923078 0.28846153846153844 0.34615384615384615
0 0.9411057692307693 0.4675480769230769 0.0889423076923077 0.08173076923076923
0 0.8581730769230769 0.4230769230769231 0.11538461538461539 0.1201923076923077
0 0.5516826923076923 0.28365384615384615 0.21634615384615385 0.28125
0 0.7764423076923077 0.36658653846153844 0.13942307692307693 0.13221153846153846
0 0.8713942307692307 0.31009615384615385 0.06009615384615385 0.07932692307692307
0 0.53125 0.13341346153846154 0.10336538461538461 0.14903846153846154
0 0.7283653846153846 0.20432692307692307 0.3389423076923077 0.31971153846153844
0 0.11298076923076923 0.7572115384615384 0.17548076923076922 0.19230769230769232
0 0.20552884615384615 0.7728365384615384 0.0889423076923077 0.08173076923076923
0 0.29086538461538464 0.7668269230769231 0.07211538461538461 0.08413461538461539
0 0.23076923076923078 0.7295673076923077 0.12259615384615384 0.10096153846153846
0 0.4423076923076923 0.5108173076923077 0.18509615384615385 0.18509615384615385
0 0.5588942307692307 0.5384615384615384 0.10336538461538461 0.1201923076923077
0 0.4735576923076923 0.4735576923076923 0.16105769230769232 0.1658653846153846
