0 0.3401442307692308 0.7403846153846154 0.15865384615384615 0.10096153846153846
0 0.3545673076923077 0.7103365384615384 0.43028846153846156 0.19951923076923078
0 0.4495192307692308 0.6754807692307693 0.19951923076923078 0.06971153846153846
0 0.21995192307692307 0.6646634615384616 0.10096153846153846 0.09134615384615384
0 0.1346153846153846 0.6550480769230769 0.11057692307692307 0.05048076923076923
0 0.5901442307692307 0.5997596153846154 0.15865384615384615 0.1201923076923077
0 0.16947115384615385 0.27524038461538464 0.22115384615384615 0.16826923076923078
0 0.8004807692307693 0.2548076923076923 0.3798076923076923 0.49038461538461536
0 0.6899038461538461 0.2403846153846154 0.13942307692307693 0.27884615384615385
0 0.4254807692307692 0.21033653846153846 0.8509615384615384 0.39903846153846156
0 0.36538461538461536 0.19471153846153846 0.2692307692307692 0.25
0 0.18509615384615385 0.07451923076923077 0.18990384615384615 0.12980769230769232
