0 0.20552884615384615 0.6358173076923077 0.10096153846153846 0.21634615384615385
0 0.7728365384615384 0.5925480769230769 0.0673076923076923 0.13701923076923078
0 0.49759615384615385 0.6826923076923077 0.08413461538461539 0.0625
0 0.34375 0.7163461538461539 0.19230769230769232 0.09375
0 0.6538461538461539 0.6947115384615384 0.2403846153846154 0.23317307692307693
0 0.24158653846153846 0.8076923076923077 0.24759615384615385 0.18269230769230768
0 0.7992788461538461 0.3112980769230769 0.0985576923076923 0.11057692307692307
0 0.6862980769230769 0.3269230769230769 0.1466346153846154 0.11057692307692307
0 0.3076923076923077 0.37740384615384615 0.23798076923076922 0.16346153846153846
0 0.5168269230769231 0.35336538461538464 0.20192307692307693 0.14182692307692307
0 0.8665865384615384 0.5036057692307693 0.08413461538461539 0.14903846153846154
