0 0.6382211538461539 0.546875 0.06009615384615385 0.09134615384615384
0 0.2127403846153846 0.5024038461538461 0.11778846153846154 0.18028846153846154
0 0.2956730769230769 0.5108173076923077 0.07211538461538461 0.13221153846153846
0 0.5420673076923077 0.5841346153846154 0.06971153846153846 0.06971153846153846
0 0.4110576923076923 0.5949519230769231 0.11778846153846154 0.14423076923076922
0 0.6358173076923077 0.6262019230769231 0.04807692307692308 0.0673076923076923
0 0.28125 0.6538461538461539 0.23076923076923078 0.16105769230769232
0 0.36778846153846156 0.30528846153846156 0.05048076923076923 0.038461538461538464
0 0.4951923076923077 0.328125 0.3076923076923077 0.13701923076923078
0 0.5733173076923077 0.3401442307692308 0.1201923076923077 0.10096153846153846
0 0.578125 0.3425480769230769 0.07932692307692307 0.09134615384615384
0 0.7175480769230769 0.5516826923076923 0.07932692307692307 0.09615384615384616
