0 0.5612980769230769 0.4495192307692308 0.055288461538461536 0.07451923076923077
0 0.3918269230769231 0.41586538461538464 0.038461538461538464 0.04567307692307692
0 0.71875 0.35216346153846156 0.0625 0.07932692307692307
0 0.4855769230769231 0.3557692307692308 0.057692307692307696 0.06971153846153846
0 0.8016826923076923 0.2920673076923077 0.04807692307692308 0.07211538461538461
0 0.5805288461538461 0.3329326923076923 0.22355769230769232 0.24759615384615385
0 0.2764423076923077 0.38822115384615385 0.08653846153846154 0.10817307692307693
0 0.921875 0.25240384615384615 0.028846153846153848 0.040865384615384616
0 0.018028846153846152 0.4206730769230769 0.036057692307692304 0.08653846153846154
0 0.33653846153846156 0.3389423076923077 0.0889423076923077 0.08173076923076923
0 0.7608173076923077 0.25240384615384615 0.11538461538461539 0.10576923076923077
0 0.8786057692307693 0.21033653846153846 0.055288461538461536 0.06009615384615385
0 0.46033653846153844 0.2764423076923077 0.13942307692307693 0.09615384615384616
0 0.30288461538461536 0.30408653846153844 0.06490384615384616 0.06490384615384616
0 0.5564903846153846 0.25240384615384615 0.08653846153846154 0.10336538461538461
0 0.6935096153846154 0.18990384615384615 0.125 0.11057692307692307
0 0.7560096153846154 0.15865384615384615 0.04567307692307692 0.0625
0 0.09014423076923077 0.23317307692307693 0.10817307692307693 0.0889423076923077
0 0.040865384615384616 0.18509615384615385 0.08173076923076923 0.1346153846153846
0 0.6923076923076923 0.027644230769230768 0.08653846153846154 0.055288461538461536
