0 0.28125 0.19230769230769232 0.03125 0.10817307692307693
0 0.18028846153846154 0.20192307692307693 0.0985576923076923 0.1346153846153846
0 0.3245192307692308 0.21033653846153846 0.09375 0.11057692307692307
0 0.23076923076923078 0.24278846153846154 0.08653846153846154 0.15865384615384615
0 0.14543269230769232 0.29927884615384615 0.18990384615384615 0.12740384615384615
0 0.31971153846153844 0.28725961538461536 0.09615384615384616 0.0889423076923077
0 0.41225961538461536 0.2824519230769231 0.055288461538461536 0.08653846153846154
0 0.4423076923076923 0.29447115384615385 0.055288461538461536 0.08413461538461539
0 0.22115384615384615 0.38341346153846156 0.09134615384615384 0.10096153846153846
0 0.4951923076923077 0.41466346153846156 0.0985576923076923 0.21634615384615385
0 0.10817307692307693 0.8257211538461539 0.09375 0.17307692307692307
0 0.27283653846153844 0.8161057692307693 0.13942307692307693 0.2764423076923077
0 0.09495192307692307 0.8509615384615384 0.15144230769230768 0.2932692307692308
0 0.42908653846153844 0.8521634615384616 0.125 0.14182692307692307
0 0.0985576923076923 0.9266826923076923 0.06971153846153846 0.12259615384615384
0 0.3605769230769231 0.9170673076923077 0.07211538461538461 0.13701923076923078
0 0.5084134615384616 0.921875 0.08653846153846154 0.07932692307692307
0 0.1778846153846154 0.9639423076923077 0.07692307692307693 0.06490384615384616
0 0.4651442307692308 0.9399038461538461 0.057692307692307696 0.07692307692307693
0 0.27403846153846156 0.9555288461538461 0.09615384615384616 0.08413461538461539
0 0.09495192307692307 0.9723557692307693 0.07451923076923077 0.05048076923076923
0 0.4074519230769231 0.9579326923076923 0.09375 0.07932692307692307
