0 0.8016826923076923 0.26802884615384615 0.07211538461538461 0.07451923076923077
0 0.35336538461538464 0.2824519230769231 0.0673076923076923 0.13701923076923078
0 0.7403846153846154 0.3293269230769231 0.040865384615384616 0.052884615384615384
0 0.04447115384615385 0.31850961538461536 0.08413461538461539 0.21153846153846154
0 0.9783653846153846 0.4182692307692308 0.038461538461538464 0.07211538461538461
0 0.9026442307692307 0.4423076923076923 0.1346153846153846 0.14423076923076922
0 0.6225961538461539 0.4411057692307692 0.06971153846153846 0.09375
0 0.8329326923076923 0.47115384615384615 0.12980769230769232 0.20673076923076922
0 0.5697115384615384 0.4723557692307692 0.07211538461538461 0.07932692307692307
0 0.5685096153846154 0.5144230769230769 0.13221153846153846 0.0985576923076923
0 0.7524038461538461 0.5576923076923077 0.08413461538461539 0.16346153846153846
0 0.6442307692307693 0.5745192307692307 0.11057692307692307 0.1201923076923077
0 0.6201923076923077 0.06370192307692307 0.07932692307692307 0.10336538461538461
0 0.5625 0.609375 0.1466346153846154 0.16826923076923078
0 0.021634615384615384 0.6045673076923077 0.04326923076923077 0.18028846153846154
0 0.4567307692307692 0.6538461538461539 0.12740384615384615 0.16105769230769232
0 0.09134615384615384 0.6838942307692307 0.12740384615384615 0.22115384615384615
0 0.35096153846153844 0.7067307692307693 0.13221153846153846 0.08653846153846154
0 0.6887019230769231 0.7247596153846154 0.1201923076923077 0.16826923076923078
0 0.6225961538461539 0.0889423076923077 0.19230769230769232 0.17548076923076922
0 0.7403846153846154 0.09375 0.04807692307692308 0.08653846153846154
0 0.5625 0.8329326923076923 0.2644230769230769 0.3293269230769231
0 0.18990384615384615 0.8293269230769231 0.18028846153846154 0.18509615384615385
0 0.3425480769230769 0.8365384615384616 0.21634615384615385 0.31971153846153844
0 0.1875 0.9362980769230769 0.22596153846153846 0.10336538461538461
0 0.4891826923076923 0.125 0.21634615384615385 0.22596153846153846
0 0.6177884615384616 0.140625 0.057692307692307696 0.07692307692307693
0 0.23677884615384615 0.13581730769230768 0.19230769230769232 0.19471153846153846
0 0.44591346153846156 0.15625 0.13221153846153846 0.21394230769230768
0 0.8305288461538461 0.18389423076923078 0.04807692307692308 0.05048076923076923
0 0.2283653846153846 0.1658653846153846 0.3918269230769231 0.28125
0 0.7728365384615384 0.19951923076923078 0.0625 0.0889423076923077
0 0.17427884615384615 0.1935096153846154 0.13221153846153846 0.1658653846153846
0 0.9074519230769231 0.265625 0.057692307692307696 0.07451923076923077
