0 0.5949519230769231 0.18509615384615385 0.06971153846153846 0.11057692307692307
0 0.6418269230769231 0.21394230769230768 0.4182692307692308 0.13942307692307693
0 0.7199519230769231 0.21995192307692307 0.13942307692307693 0.06009615384615385
0 0.5396634615384616 0.25 0.13942307692307693 0.06009615384615385
0 0.5396634615384616 0.3954326923076923 0.08173076923076923 0.09134615384615384
0 0.5600961538461539 0.43990384615384615 0.1201923076923077 0.13942307692307693
0 0.5853365384615384 0.4495192307692308 0.09134615384615384 0.1201923076923077
0 0.6298076923076923 0.5300480769230769 0.10096153846153846 0.038461538461538464
0 0.7295673076923077 0.5348557692307693 0.08173076923076923 0.11057692307692307
0 0.6502403846153846 0.5396634615384616 0.19951923076923078 0.10096153846153846
0 0.12980769230769232 0.6454326923076923 0.2403846153846154 0.25
0 0.28966346153846156 0.6454326923076923 0.46153846153846156 0.5288461538461539
0 0.4699519230769231 0.6598557692307693 0.18028846153846154 0.22115384615384615
0 0.7800480769230769 0.6802884615384616 0.22115384615384615 0.18028846153846154
0 0.4699519230769231 0.8653846153846154 0.2403846153846154 0.16826923076923078
0 0.8449519230769231 0.8798076923076923 0.14903846153846154 0.22115384615384615
0 0.1045673076923077 0.8894230769230769 0.16826923076923078 0.13942307692307693
