0 0.453125 0.15504807692307693 0.31009615384615385 0.31009615384615385
0 0.4807692307692308 0.7307692307692307 0.0889423076923077 0.0985576923076923
0 0.6766826923076923 0.7536057692307693 0.06971153846153846 0.09134615384615384
0 0.6033653846153846 0.6790865384615384 0.12259615384615384 0.15865384615384615
0 0.6153846153846154 0.6682692307692307 0.11778846153846154 0.15384615384615385
0 0.7680288461538461 0.7391826923076923 0.3870192307692308 0.3942307692307692
0 0.7596153846153846 0.7211538461538461 0.11057692307692307 0.1201923076923077
0 0.6911057692307693 0.6237980769230769 0.4543269230769231 0.42788461538461536
0 0.6201923076923077 0.53125 0.5793269230769231 0.6298076923076923
0 0.4230769230769231 0.38341346153846156 0.18990384615384615 0.18990384615384615
0 0.8810096153846154 0.4543269230769231 0.23317307692307693 0.3557692307692308
0 0.6622596153846154 0.2776442307692308 0.6706730769230769 0.5552884615384616
