0 0.5733173076923077 0.2620192307692308 0.08173076923076923 0.0889423076923077
0 0.5072115384615384 0.25961538461538464 0.19230769230769232 0.125
0 0.4879807692307692 0.27283653846153844 0.0985576923076923 0.07451923076923077
0 0.6826923076923077 0.5673076923076923 0.12740384615384615 0.16105769230769232
0 0.20552884615384615 0.59375 0.3269230769230769 0.27403846153846156
0 0.26322115384615385 0.6298076923076923 0.2692307692307692 0.3581730769230769
0 0.7644230769230769 0.7019230769230769 0.06490384615384616 0.0673076923076923
0 0.40384615384615385 0.6911057692307693 0.31009615384615385 0.16826923076923078
0 0.7680288461538461 0.7800480769230769 0.10817307692307693 0.07451923076923077
0 0.5685096153846154 0.8040865384615384 0.37259615384615385 0.22355769230769232
0 0.5528846153846154 0.8449519230769231 0.6298076923076923 0.30528846153846156
