0 0.41466346153846156 0.8798076923076923 0.17548076923076922 0.12740384615384615
0 0.47716346153846156 0.796875 0.27884615384615385 0.2091346153846154
0 0.4014423076923077 0.7512019230769231 0.13221153846153846 0.1346153846153846
0 0.5528846153846154 0.7283653846153846 0.11538461538461539 0.09615384615384616
0 0.43509615384615385 0.6490384615384616 0.12980769230769232 0.1201923076923077
0 0.5709134615384616 0.5685096153846154 0.21875 0.19230769230769232
0 0.3798076923076923 0.47115384615384615 0.09615384615384616 0.0985576923076923
0 0.5240384615384616 0.5144230769230769 0.4951923076923077 0.5168269230769231
0 0.32091346153846156 0.37259615384615385 0.1201923076923077 0.14182692307692307
0 0.5985576923076923 0.44471153846153844 0.7716346153846154 0.8533653846153846
0 0.7451923076923077 0.4495192307692308 0.29086538461538464 0.23317307692307693
0 0.4074519230769231 0.9314903846153846 0.13221153846153846 0.10336538461538461
0 0.3485576923076923 0.1814903846153846 0.10096153846153846 0.10576923076923077
0 0.5456730769230769 0.18028846153846154 0.21875 0.22115384615384615
