0 0.8425480769230769 0.6141826923076923 0.25 0.19230769230769232
0 0.43149038461538464 0.7163461538461539 0.5408653846153846 0.43509615384615385
0 0.3798076923076923 0.7319711538461539 0.20192307692307693 0.34375
0 0.19591346153846154 0.734375 0.1346153846153846 0.21634615384615385
0 0.5060096153846154 0.7463942307692307 0.23798076923076922 0.15625
0 0.7824519230769231 0.7800480769230769 0.14423076923076922 0.17548076923076922
0 0.6105769230769231 0.09615384615384616 0.12259615384615384 0.07211538461538461
0 0.32572115384615385 0.32572115384615385 0.125 0.15625
0 0.44591346153846156 0.33413461538461536 0.10817307692307693 0.23557692307692307
0 0.7860576923076923 0.3858173076923077 0.17067307692307693 0.2283653846153846
0 0.34375 0.3942307692307692 0.31971153846153844 0.28365384615384615
0 0.2932692307692308 0.4543269230769231 0.10576923076923077 0.15144230769230768
