0 0.46153846153846156 0.2932692307692308 0.06009615384615385 0.07211538461538461
0 0.46634615384615385 0.2932692307692308 0.057692307692307696 0.07451923076923077
0 0.4050480769230769 0.32211538461538464 0.28365384615384615 0.1658653846153846
0 0.3293269230769231 0.3557692307692308 0.0673076923076923 0.07692307692307693
0 0.46634615384615385 0.30649038461538464 0.1201923076923077 0.09615384615384616
0 0.359375 0.35216346153846156 0.1466346153846154 0.125
0 0.375 0.3485576923076923 0.06490384615384616 0.07211538461538461
0 0.65625 0.3701923076923077 0.04567307692307692 0.06009615384615385
0 0.7199519230769231 0.4074519230769231 0.3245192307692308 0.3317307692307692
0 0.8209134615384616 0.39663461538461536 0.09375 0.09134615384615384
0 0.7608173076923077 0.44350961538461536 0.06490384615384616 0.08173076923076923
0 0.3125 0.6069711538461539 0.19471153846153846 0.3245192307692308
0 0.8197115384615384 0.44711538461538464 0.04567307692307692 0.055288461538461536
0 0.5288461538461539 0.5649038461538461 0.35096153846153844 0.19471153846153846
0 0.5444711538461539 0.5625 0.0625 0.0673076923076923
0 0.4050480769230769 0.6165865384615384 0.08413461538461539 0.0889423076923077
0 0.4855769230769231 0.5865384615384616 0.08413461538461539 0.12740384615384615
0 0.6033653846153846 0.5444711538461539 0.0673076923076923 0.07451923076923077
0 0.5528846153846154 0.5793269230769231 0.0673076923076923 0.07692307692307693
