0 0.4375 0.6466346153846154 0.10817307692307693 0.1778846153846154
0 0.5973557692307693 0.6442307692307693 0.15384615384615385 0.2403846153846154
0 0.4855769230769231 0.6754807692307693 0.1346153846153846 0.14182692307692307
0 0.3942307692307692 0.7271634615384616 0.12980769230769232 0.18509615384615385
0 0.24879807692307693 0.7908653846153846 0.4735576923076923 0.41346153846153844
0 0.16466346153846154 0.8485576923076923 0.09375 0.18990384615384615
0 0.3858173076923077 0.8870192307692307 0.23557692307692307 0.1875
0 0.06129807692307692 0.9230769230769231 0.08413461538461539 0.1346153846153846
0 0.40625 0.27403846153846156 0.10576923076923077 0.07451923076923077
0 0.3954326923076923 0.3449519230769231 0.10096153846153846 0.10576923076923077
0 0.1875 0.3737980769230769 0.052884615384615384 0.10576923076923077
0 0.390625 0.4375 0.11298076923076923 0.12980769230769232
0 0.10576923076923077 0.5 0.18028846153846154 0.15865384615384615
