0 0.8629807692307693 0.3894230769230769 0.11538461538461539 0.13221153846153846
0 0.04567307692307692 0.484375 0.07451923076923077 0.09615384615384616
0 0.1935096153846154 0.46033653846153844 0.10336538461538461 0.17307692307692307
0 0.6959134615384616 0.3870192307692308 0.15144230769230768 0.20192307692307693
0 0.30288461538461536 0.41947115384615385 0.13942307692307693 0.15625
0 0.31971153846153844 0.3954326923076923 0.16105769230769232 0.19230769230769232
0 0.4987980769230769 0.3401442307692308 0.9975961538461539 0.6225961538461539
0 0.08052884615384616 0.3557692307692308 0.1201923076923077 0.11778846153846154
0 0.7884615384615384 0.22596153846153846 0.2668269230769231 0.39903846153846156
0 0.17668269230769232 0.28725961538461536 0.07692307692307693 0.11057692307692307
0 0.6850961538461539 0.8822115384615384 0.27403846153846156 0.19471153846153846
0 0.6298076923076923 0.8882211538461539 0.12980769230769232 0.1971153846153846
0 0.71875 0.8665865384615384 0.12740384615384615 0.17548076923076922
0 0.5480769230769231 0.8149038461538461 0.07692307692307693 0.15865384615384615
0 0.44350961538461536 0.7956730769230769 0.07692307692307693 0.11538461538461539
0 0.3557692307692308 0.7908653846153846 0.057692307692307696 0.06490384615384616
0 0.47596153846153844 0.7463942307692307 0.11057692307692307 0.23798076923076922
0 0.7091346153846154 0.5733173076923077 0.19471153846153846 0.18509615384615385
0 0.11899038461538461 0.5492788461538461 0.09375 0.1346153846153846
0 0.5396634615384616 0.4951923076923077 0.2283653846153846 0.23317307692307693
0 0.3088942307692308 0.5144230769230769 0.0889423076923077 0.06971153846153846
