0 0.7764423076923077 0.5516826923076923 0.22596153846153846 0.17548076923076922
0 0.7007211538461539 0.5480769230769231 0.1201923076923077 0.14182692307692307
0 0.7451923076923077 0.6237980769230769 0.10817307692307693 0.10096153846153846
0 0.6586538461538461 0.6634615384615384 0.10576923076923077 0.0985576923076923
0 0.7463942307692307 0.6947115384615384 0.13701923076923078 0.11778846153846154
0 0.08173076923076923 0.5540865384615384 0.16346153846153846 0.15144230769230768
0 0.3641826923076923 0.6430288461538461 0.15144230769230768 0.07932692307692307
0 0.6466346153846154 0.7512019230769231 0.1971153846153846 0.1658653846153846
0 0.4170673076923077 0.1935096153846154 0.11538461538461539 0.08173076923076923
0 0.5300480769230769 0.24158653846153846 0.16826923076923078 0.12980769230769232
0 0.46153846153846156 0.25 0.5360576923076923 0.31009615384615385
0 0.27524038461538464 0.22716346153846154 0.1658653846153846 0.17548076923076922
0 0.36899038461538464 0.2704326923076923 0.18990384615384615 0.13942307692307693
0 0.6009615384615384 0.33052884615384615 0.21153846153846154 0.1346153846153846
0 0.47596153846153844 0.3293269230769231 0.19471153846153846 0.11778846153846154
