0 0.8112980769230769 0.5721153846153846 0.08173076923076923 0.052884615384615384
0 0.2776442307692308 0.46153846153846156 0.06490384615384616 0.04807692307692308
0 0.35697115384615385 0.43990384615384615 0.05048076923076923 0.0625
0 0.7824519230769231 0.49278846153846156 0.0673076923076923 0.038461538461538464
0 0.4987980769230769 0.4375 0.28125 0.17307692307692307
0 0.5168269230769231 0.37259615384615385 0.5456730769230769 0.32211538461538464
0 0.41466346153846156 0.33653846153846156 0.0625 0.03125
0 0.8737980769230769 0.40384615384615385 0.15144230769230768 0.0889423076923077
0 0.6370192307692307 0.33653846153846156 0.07932692307692307 0.0625
0 0.3605769230769231 0.24759615384615385 0.11538461538461539 0.10576923076923077
0 0.28846153846153844 0.7211538461538461 0.18509615384615385 0.11057692307692307
0 0.640625 0.7824519230769231 0.18509615384615385 0.11538461538461539
