0 0.7944711538461539 0.640625 0.08173076923076923 0.0625
0 0.3701923076923077 0.6550480769230769 0.07211538461538461 0.0625
0 0.21634615384615385 0.6598557692307693 0.10096153846153846 0.0625
0 0.9543269230769231 0.6298076923076923 0.08173076923076923 0.07211538461538461
0 0.5949519230769231 0.6358173076923077 0.12259615384615384 0.06490384615384616
0 0.8942307692307693 0.6213942307692307 0.10096153846153846 0.052884615384615384
0 0.484375 0.6310096153846154 0.9423076923076923 0.13221153846153846
0 0.3293269230769231 0.640625 0.07211538461538461 0.052884615384615384
0 0.07451923076923077 0.6490384615384616 0.10336538461538461 0.09375
0 0.7752403846153846 0.6201923076923077 0.3004807692307692 0.03125
0 0.8954326923076923 0.3401442307692308 0.14182692307692307 0.09615384615384616
0 0.6586538461538461 0.31850961538461536 0.2548076923076923 0.1201923076923077
0 0.3389423076923077 0.32091346153846156 0.17067307692307693 0.055288461538461536
0 0.8173076923076923 0.27884615384615385 0.11298076923076923 0.08413461538461539
0 0.09014423076923077 0.22956730769230768 0.14423076923076922 0.1346153846153846
0 0.6694711538461539 0.17908653846153846 0.20432692307692307 0.17548076923076922
