0 0.46033653846153844 0.46153846153846156 0.09615384615384616 0.08173076923076923
0 0.4110576923076923 0.4387019230769231 0.3870192307692308 0.25240384615384615
0 0.41346153846153844 0.4375 0.09134615384615384 0.10576923076923077
0 0.5444711538461539 0.4651442307692308 0.07932692307692307 0.09134615384615384
0 0.31971153846153844 0.3713942307692308 0.18269230769230768 0.21634615384615385
0 0.3737980769230769 0.07091346153846154 0.16105769230769232 0.14182692307692307
0 0.7704326923076923 0.19831730769230768 0.21634615384615385 0.18269230769230768
0 0.5168269230769231 0.10576923076923077 0.18028846153846154 0.18269230769230768
0 0.9206730769230769 0.24879807692307693 0.15384615384615385 0.1658653846153846
0 0.9326923076923077 0.25 0.12980769230769232 0.18269230769230768
0 0.9555288461538461 0.2283653846153846 0.08413461538461539 0.11538461538461539
