0 0.46274038461538464 0.8305288461538461 0.057692307692307696 0.09615384615384616
0 0.375 0.8329326923076923 0.1201923076923077 0.12259615384615384
0 0.296875 0.8461538461538461 0.59375 0.30288461538461536
0 0.2439903846153846 0.8822115384615384 0.0985576923076923 0.15625
0 0.4879807692307692 0.921875 0.13942307692307693 0.125
0 0.34375 0.9290865384615384 0.11538461538461539 0.12740384615384615
0 0.7163461538461539 0.9471153846153846 0.15865384615384615 0.10096153846153846
0 0.796875 0.9567307692307693 0.11778846153846154 0.08173076923076923
0 0.19230769230769232 0.9723557692307693 0.1971153846153846 0.038461538461538464
0 0.5 0.34134615384615385 0.1658653846153846 0.23798076923076922
0 0.0625 0.3605769230769231 0.11298076923076923 0.20432692307692307
0 0.27163461538461536 0.37259615384615385 0.16346153846153846 0.13942307692307693
0 0.5324519230769231 0.4170673076923077 0.11778846153846154 0.1346153846153846
0 0.3701923076923077 0.4206730769230769 0.10336538461538461 0.19951923076923078
0 0.6838942307692307 0.43990384615384615 0.12740384615384615 0.12740384615384615
0 0.6658653846153846 0.4411057692307692 0.3629807692307692 0.17548076923076922
0 0.7956730769230769 0.4651442307692308 0.12980769230769232 0.06490384615384616
0 0.6382211538461539 0.49399038461538464 0.09615384615384616 0.08653846153846154
0 0.23798076923076922 0.4987980769230769 0.2860576923076923 0.20673076923076922
0 0.49158653846153844 0.6189903846153846 0.08653846153846154 0.11298076923076923
0 0.2824519230769231 0.671875 0.09615384615384616 0.18028846153846154
0 0.1045673076923077 0.7788461538461539 0.2091346153846154 0.2548076923076923
