0 0.7932692307692307 0.78125 0.19471153846153846 0.23557692307692307
0 0.6201923076923077 0.7848557692307693 0.3004807692307692 0.34615384615384615
0 0.6971153846153846 0.75 0.5528846153846154 0.4951923076923077
0 0.34975961538461536 0.7584134615384616 0.27403846153846156 0.2860576923076923
0 0.7536057692307693 0.9567307692307693 0.16105769230769232 0.08173076923076923
0 0.6598557692307693 0.9387019230769231 0.18028846153846154 0.11778846153846154
0 0.953125 0.4375 0.08413461538461539 0.07932692307692307
0 0.7740384615384616 0.47596153846153844 0.10817307692307693 0.14423076923076922
0 0.9110576923076923 0.5853365384615384 0.11298076923076923 0.14182692307692307
0 0.6935096153846154 0.5853365384615384 0.14903846153846154 0.19951923076923078
0 0.4230769230769231 0.47596153846153844 0.1346153846153846 0.19471153846153846
