0 0.6045673076923077 0.5552884615384616 0.2668269230769231 0.2644230769230769
0 0.8293269230769231 0.46274038461538464 0.3269230769230769 0.3317307692307692
0 0.41947115384615385 0.6262019230769231 0.2620192307692308 0.22596153846153846
0 0.23798076923076922 0.65625 0.21875 0.19230769230769232
0 0.036057692307692304 0.5925480769230769 0.07211538461538461 0.11298076923076923
0 0.328125 0.4110576923076923 0.5841346153846154 0.5264423076923077
0 0.7524038461538461 0.051682692307692304 0.20192307692307693 0.10336538461538461
0 0.6935096153846154 0.671875 0.23557692307692307 0.23557692307692307
0 0.41225961538461536 0.7644230769230769 0.36778846153846156 0.2764423076923077
0 0.5649038461538461 0.5949519230769231 0.8653846153846154 0.6225961538461539
