0 0.26322115384615385 0.4483173076923077 0.1971153846153846 0.06490384615384616
0 0.6790865384615384 0.5324519230769231 0.10336538461538461 0.06490384615384616
0 0.5721153846153846 0.4855769230769231 0.06971153846153846 0.06971153846153846
0 0.4411057692307692 0.4579326923076923 0.11538461538461539 0.08653846153846154
0 0.75 0.5144230769230769 0.15384615384615385 0.0985576923076923
0 0.3485576923076923 0.40384615384615385 0.6802884615384616 0.29086538461538464
0 0.6213942307692307 0.45072115384615385 0.06009615384615385 0.04807692307692308
0 0.29447115384615385 0.3786057692307692 0.11057692307692307 0.08653846153846154
0 0.1201923076923077 0.33653846153846156 0.19471153846153846 0.10096153846153846
0 0.23317307692307693 0.5528846153846154 0.2692307692307692 0.10336538461538461
0 0.4675480769230769 0.5949519230769231 0.19951923076923078 0.08173076923076923
