0 0.46153846153846156 0.6742788461538461 0.3701923076923077 0.5913461538461539
0 0.2403846153846154 0.7632211538461539 0.10096153846153846 0.45913461538461536
0 0.65625 0.8713942307692307 0.22115384615384615 0.24278846153846154
0 0.7584134615384616 0.2091346153846154 0.23798076923076922 0.21153846153846154
0 0.5288461538461539 0.22716346153846154 0.16105769230769232 0.30288461538461536
0 0.7800480769230769 0.234375 0.21394230769230768 0.125
0 0.8028846153846154 0.45552884615384615 0.10576923076923077 0.09615384615384616
0 0.6045673076923077 0.4987980769230769 0.53125 0.9975961538461539
0 0.18990384615384615 0.5264423076923077 0.13942307692307693 0.22115384615384615
0 0.6502403846153846 0.5913461538461539 0.30528846153846156 0.4735576923076923
