0 0.27163461538461536 0.5769230769230769 0.07692307692307693 0.11298076923076923
0 0.18028846153846154 0.5877403846153846 0.0985576923076923 0.07451923076923077
0 0.054086538461538464 0.6033653846153846 0.02403846153846154 0.038461538461538464
0 0.6394230769230769 0.6045673076923077 0.06971153846153846 0.11538461538461539
0 0.7331730769230769 0.6057692307692307 0.03365384615384615 0.06009615384615385
0 0.6586538461538461 0.6310096153846154 0.10576923076923077 0.28125
0 0.3269230769230769 0.6538461538461539 0.125 0.15144230769230768
0 0.6971153846153846 0.6622596153846154 0.09134615384615384 0.11778846153846154
0 0.4326923076923077 0.6959134615384616 0.08413461538461539 0.10096153846153846
0 0.7908653846153846 0.7067307692307693 0.125 0.125
0 0.38822115384615385 0.7572115384615384 0.125 0.11298076923076923
0 0.6947115384615384 0.7632211538461539 0.09615384615384616 0.1658653846153846
0 0.4795673076923077 0.796875 0.0985576923076923 0.11778846153846154
0 0.5949519230769231 0.8028846153846154 0.0889423076923077 0.16105769230769232
0 0.22115384615384615 0.8317307692307693 0.1658653846153846 0.15384615384615385
0 0.0733173076923077 0.9591346153846154 0.0889423076923077 0.07692307692307693
0 0.4855769230769231 0.2620192307692308 0.02403846153846154 0.055288461538461536
0 0.5420673076923077 0.2668269230769231 0.03365384615384615 0.03365384615384615
0 0.5192307692307693 0.27163461538461536 0.19951923076923078 0.08413461538461539
0 0.5108173076923077 0.33052884615384615 0.08413461538461539 0.08413461538461539
0 0.37259615384615385 0.39302884615384615 0.057692307692307696 0.0889423076923077
0 0.3161057692307692 0.43990384615384615 0.05048076923076923 0.11538461538461539
0 0.22956730769230768 0.4879807692307692 0.08413461538461539 0.12980769230769232
0 0.5036057692307693 0.49399038461538464 0.1466346153846154 0.15384615384615385
0 0.13942307692307693 0.5360576923076923 0.0673076923076923 0.07932692307692307
0 0.38461538461538464 0.53125 0.13221153846153846 0.15144230769230768
