0 0.6322115384615384 0.421875 0.07932692307692307 0.08653846153846154
0 0.875 0.6201923076923077 0.10576923076923077 0.09375
0 0.3317307692307692 0.36899038461538464 0.10576923076923077 0.10817307692307693
0 0.6430288461538461 0.5504807692307693 0.3317307692307692 0.31971153846153844
0 0.6177884615384616 0.5625 0.27163461538461536 0.23317307692307693
0 0.39663461538461536 0.4495192307692308 0.15384615384615385 0.17548076923076922
0 0.3076923076923077 0.43990384615384615 0.1346153846153846 0.14903846153846154
0 0.2091346153846154 0.39302884615384615 0.10336538461538461 0.1201923076923077
0 0.8112980769230769 0.7367788461538461 0.20432692307692307 0.21875
0 0.5997596153846154 0.6358173076923077 0.46153846153846156 0.4951923076923077
0 0.7067307692307693 0.7584134615384616 0.29086538461538464 0.2764423076923077
0 0.07091346153846154 0.5336538461538461 0.14182692307692307 0.15865384615384615
0 0.0829326923076923 0.5612980769230769 0.125 0.11778846153846154
0 0.5264423076923077 0.8088942307692307 0.23317307692307693 0.24278846153846154
0 0.03365384615384615 0.5336538461538461 0.0673076923076923 0.14423076923076922
0 0.7199519230769231 0.9086538461538461 0.23317307692307693 0.1778846153846154
0 0.11298076923076923 0.6550480769230769 0.19471153846153846 0.1875
0 0.5913461538461539 0.9134615384615384 0.18269230769230768 0.17067307692307693
0 0.41586538461538464 0.8581730769230769 0.14182692307692307 0.13701923076923078
