0 0.44591346153846156 0.31490384615384615 0.07451923076923077 0.08653846153846154
0 0.5997596153846154 0.375 0.2860576923076923 0.4735576923076923
0 0.5661057692307693 0.390625 0.0889423076923077 0.14423076923076922
0 0.05048076923076923 0.4338942307692308 0.06009615384615385 0.10336538461538461
0 0.7163461538461539 0.6454326923076923 0.21394230769230768 0.3485576923076923
0 0.15504807692307693 0.6418269230769231 0.10576923076923077 0.1658653846153846
0 0.5637019230769231 0.6850961538461539 0.06009615384615385 0.07451923076923077
0 0.47836538461538464 0.7175480769230769 0.0889423076923077 0.125
0 0.6141826923076923 0.8125 0.12259615384615384 0.22115384615384615
0 0.3870192307692308 0.8653846153846154 0.11778846153846154 0.21634615384615385
0 0.44471153846153844 0.9074519230769231 0.12980769230769232 0.14903846153846154
0 0.24158653846153846 0.9014423076923077 0.23076923076923078 0.1778846153846154
0 0.03485576923076923 0.9002403846153846 0.06971153846153846 0.15625
0 0.6394230769230769 0.1502403846153846 0.06490384615384616 0.09615384615384616
