0 0.6658653846153846 0.3389423076923077 0.09134615384615384 0.11057692307692307
0 0.6298076923076923 0.33413461538461536 0.23076923076923078 0.17548076923076922
0 0.43028846153846156 0.32572115384615385 0.10336538461538461 0.09134615384615384
0 0.5733173076923077 0.359375 0.07932692307692307 0.06009615384615385
0 0.7007211538461539 0.3918269230769231 0.06009615384615385 0.052884615384615384
0 0.328125 0.38461538461538464 0.1201923076923077 0.1346153846153846
0 0.43990384615384615 0.421875 0.09615384615384616 0.08413461538461539
0 0.3473557692307692 0.4182692307692308 0.1346153846153846 0.12980769230769232
0 0.43509615384615385 0.6899038461538461 0.0889423076923077 0.16105769230769232
0 0.3485576923076923 0.6983173076923077 0.12980769230769232 0.16105769230769232
0 0.0673076923076923 0.640625 0.09615384615384616 0.21394230769230768
0 0.030048076923076924 0.7872596153846154 0.06009615384615385 0.15144230769230768
