0 0.14423076923076922 0.17548076923076922 0.125 0.1778846153846154
0 0.6310096153846154 0.3713942307692308 0.125 0.11298076923076923
0 0.28846153846153844 0.1935096153846154 0.14182692307692307 0.16105769230769232
0 0.5072115384615384 0.2403846153846154 0.13701923076923078 0.18028846153846154
0 0.8942307692307693 0.359375 0.18269230769230768 0.1778846153846154
0 0.5348557692307693 0.3076923076923077 0.9254807692307693 0.6153846153846154
0 0.2512019230769231 0.078125 0.17067307692307693 0.15625
0 0.6754807692307693 0.21153846153846154 0.14182692307692307 0.15144230769230768
0 0.4230769230769231 0.1141826923076923 0.21153846153846154 0.2283653846153846
0 0.8858173076923077 0.24519230769230768 0.22355769230769232 0.2692307692307692
0 0.6274038461538461 0.1045673076923077 0.16826923076923078 0.1971153846153846
0 0.36899038461538464 0.8677884615384616 0.16826923076923078 0.1778846153846154
0 0.6213942307692307 0.9423076923076923 0.1466346153846154 0.11057692307692307
0 0.21514423076923078 0.7824519230769231 0.16346153846153846 0.18028846153846154
0 0.7427884615384616 0.9495192307692307 0.17307692307692307 0.09615384615384616
0 0.43990384615384615 0.7463942307692307 0.8798076923076923 0.5024038461538461
0 0.5264423076923077 0.8870192307692307 0.10096153846153846 0.11298076923076923
0 0.13942307692307693 0.6850961538461539 0.13221153846153846 0.17067307692307693
0 0.038461538461538464 0.6225961538461539 0.07692307692307693 0.14423076923076922
0 0.6201923076923077 0.8665865384615384 0.16826923076923078 0.1658653846153846
0 0.13822115384615385 0.6586538461538461 0.0985576923076923 0.0889423076923077
