0 0.6730769230769231 0.6370192307692307 0.6490384615384616 0.4855769230769231
0 0.5625 0.65625 0.13942307692307693 0.13221153846153846
0 0.23317307692307693 0.546875 0.46634615384615385 0.7572115384615384
0 0.6766826923076923 0.796875 0.11057692307692307 0.15144230769230768
0 0.21995192307692307 0.6754807692307693 0.10336538461538461 0.14903846153846154
0 0.5600961538461539 0.828125 0.09375 0.1466346153846154
0 0.054086538461538464 0.7319711538461539 0.10817307692307693 0.1658653846153846
0 0.3701923076923077 0.8978365384615384 0.17548076923076922 0.1875
0 0.49158653846153844 0.29086538461538464 0.10096153846153846 0.08173076923076923
0 0.5817307692307693 0.33413461538461536 0.07692307692307693 0.09134615384615384
0 0.5817307692307693 0.33413461538461536 0.32211538461538464 0.1778846153846154
0 0.3762019230769231 0.4723557692307692 0.15144230769230768 0.13701923076923078
0 0.6814903846153846 0.5925480769230769 0.11778846153846154 0.11057692307692307
0 0.2091346153846154 0.453125 0.1875 0.23076923076923078
