0 0.8233173076923077 0.45552884615384615 0.35096153846153844 0.49278846153846156
0 0.9170673076923077 0.39663461538461536 0.16105769230769232 0.2980769230769231
0 0.8028846153846154 0.5757211538461539 0.32211538461538464 0.3581730769230769
0 0.4182692307692308 0.7800480769230769 0.3317307692307692 0.43509615384615385
0 0.5276442307692307 0.7536057692307693 0.5120192307692307 0.4879807692307692
0 0.6526442307692307 0.7259615384615384 0.33413461538461536 0.4326923076923077
0 0.33413461538461536 0.9026442307692307 0.34134615384615385 0.18990384615384615
0 0.42908653846153844 0.25600961538461536 0.16826923076923078 0.16346153846153846
0 0.6502403846153846 0.15264423076923078 0.15865384615384615 0.15625
0 0.2439903846153846 0.40024038461538464 0.25240384615384615 0.21875
