0 0.5180288461538461 0.7860576923076923 0.052884615384615384 0.06009615384615385
0 0.46274038461538464 0.7584134615384616 0.1778846153846154 0.17067307692307693
0 0.47115384615384615 0.7584134615384616 0.10576923076923077 0.11538461538461539
0 0.4362980769230769 0.71875 0.06009615384615385 0.08413461538461539
0 0.6899038461538461 0.6057692307692307 0.07211538461538461 0.06971153846153846
0 0.4543269230769231 0.4567307692307692 0.11057692307692307 0.13701923076923078
0 0.5504807692307693 0.4675480769230769 0.055288461538461536 0.0673076923076923
0 0.44711538461538464 0.4110576923076923 0.08653846153846154 0.09615384615384616
0 0.5036057692307693 0.4338942307692308 0.08173076923076923 0.0889423076923077
0 0.5649038461538461 0.4519230769230769 0.10576923076923077 0.11778846153846154
0 0.4495192307692308 0.39302884615384615 0.04326923076923077 0.05048076923076923
0 0.6694711538461539 0.41586538461538464 0.06971153846153846 0.07451923076923077
0 0.41466346153846156 0.28365384615384615 0.1466346153846154 0.18509615384615385
0 0.5889423076923077 0.3605769230769231 0.06009615384615385 0.057692307692307696
0 0.7307692307692307 0.4170673076923077 0.07932692307692307 0.11778846153846154
0 0.6826923076923077 0.33052884615384615 0.13221153846153846 0.15625
0 0.7199519230769231 0.3233173076923077 0.29086538461538464 0.3701923076923077
