0 0.10216346153846154 0.27884615384615385 0.09615384615384616 0.10336538461538461
0 0.4014423076923077 0.3473557692307692 0.10336538461538461 0.17548076923076922
0 0.265625 0.35697115384615385 0.15384615384615385 0.18269230769230768
0 0.5528846153846154 0.39783653846153844 0.13942307692307693 0.16105769230769232
0 0.1971153846153846 0.5769230769230769 0.3942307692307692 0.22596153846153846
0 0.09134615384615384 0.5661057692307693 0.18269230769230768 0.17067307692307693
0 0.04807692307692308 0.5625 0.09615384615384616 0.11057692307692307
0 0.29086538461538464 0.5949519230769231 0.15865384615384615 0.13221153846153846
0 0.7776442307692307 0.7596153846153846 0.0985576923076923 0.09375
0 0.9014423076923077 0.7740384615384616 0.07692307692307693 0.11298076923076923
0 0.9038461538461539 0.7752403846153846 0.15625 0.21394230769230768
0 0.24278846153846154 0.7391826923076923 0.11538461538461539 0.14182692307692307
0 0.6730769230769231 0.7836538461538461 0.13221153846153846 0.14903846153846154
0 0.8016826923076923 0.859375 0.3485576923076923 0.2764423076923077
0 0.5504807692307693 0.8665865384615384 0.11778846153846154 0.17307692307692307
0 0.8846153846153846 0.9182692307692307 0.13221153846153846 0.12740384615384615
0 0.42788461538461536 0.9254807692307693 0.07932692307692307 0.07451923076923077
0 0.19831730769230768 0.9110576923076923 0.14903846153846154 0.12980769230769232
