0 0.5192307692307693 0.5108173076923077 0.17067307692307693 0.12740384615384615
0 0.3389423076923077 0.5252403846153846 0.18990384615384615 0.11538461538461539
0 0.7331730769230769 0.42788461538461536 0.1971153846153846 0.15625
0 0.08173076923076923 0.46875 0.16346153846153846 0.1778846153846154
0 0.4326923076923077 0.4026442307692308 0.8653846153846154 0.5024038461538461
0 0.49399038461538464 0.3786057692307692 0.23557692307692307 0.2283653846153846
0 0.0733173076923077 0.45072115384615385 0.1466346153846154 0.18509615384615385
0 0.9146634615384616 0.28125 0.13221153846153846 0.22115384615384615
0 0.8473557692307693 0.27884615384615385 0.22355769230769232 0.2668269230769231
0 0.234375 0.36778846153846156 0.17307692307692307 0.23798076923076922
0 0.7007211538461539 0.25841346153846156 0.28846153846153844 0.28365384615384615
0 0.38221153846153844 0.2956730769230769 0.13221153846153846 0.2764423076923077
