0 0.8269230769230769 0.3269230769230769 0.1875 0.07932692307692307
0 0.7211538461538461 0.5673076923076923 0.17067307692307693 0.1346153846153846
0 0.5793269230769231 0.6237980769230769 0.8317307692307693 0.24759615384615385
0 0.9002403846153846 0.6310096153846154 0.1875 0.12259615384615384
0 0.1971153846153846 0.6394230769230769 0.12740384615384615 0.14182692307692307
0 0.8064903846153846 0.6454326923076923 0.11057692307692307 0.08173076923076923
0 0.33653846153846156 0.6514423076923077 0.16346153846153846 0.15865384615384615
0 0.3485576923076923 0.6586538461538461 0.1875 0.15384615384615385
0 0.2848557692307692 0.6646634615384616 0.4110576923076923 0.34134615384615385
0 0.5240384615384616 0.703125 0.24759615384615385 0.15865384615384615
0 0.5913461538461539 0.30288461538461536 0.13942307692307693 0.05048076923076923
0 0.6670673076923077 0.31009615384615385 0.49759615384615385 0.09134615384615384
0 0.4879807692307692 0.31850961538461536 0.09134615384615384 0.055288461538461536
