0 0.6069711538461539 0.4723557692307692 0.19471153846153846 0.18990384615384615
0 0.6730769230769231 0.3485576923076923 0.18509615384615385 0.18509615384615385
0 0.703125 0.3173076923076923 0.3004807692307692 0.2932692307692308
0 0.6850961538461539 0.15264423076923078 0.2644230769230769 0.24519230769230768
0 0.5757211538461539 0.890625 0.11298076923076923 0.10576923076923077
0 0.5552884615384616 0.8665865384615384 0.15865384615384615 0.1466346153846154
0 0.24639423076923078 0.6887019230769231 0.27163461538461536 0.3004807692307692
0 0.23798076923076922 0.6310096153846154 0.42788461538461536 0.4423076923076923
0 0.23197115384615385 0.5925480769230769 0.3076923076923077 0.3317307692307692
0 0.6694711538461539 0.671875 0.18509615384615385 0.21875
0 0.6117788461538461 0.59375 0.18269230769230768 0.21394230769230768
0 0.7271634615384616 0.5793269230769231 0.4495192307692308 0.4831730769230769
