0 0.7367788461538461 0.4567307692307692 0.11538461538461539 0.12980769230769232
0 0.8221153846153846 0.421875 0.11778846153846154 0.10576923076923077
0 0.9399038461538461 0.3737980769230769 0.036057692307692304 0.04326923076923077
0 0.42908653846153844 0.6586538461538461 0.11057692307692307 0.13221153846153846
0 0.3473557692307692 0.7055288461538461 0.055288461538461536 0.0673076923076923
0 0.4254807692307692 0.6923076923076923 0.21153846153846154 0.29086538461538464
0 0.7259615384615384 0.5504807692307693 0.17307692307692307 0.18509615384615385
0 0.40625 0.7379807692307693 0.12980769230769232 0.14182692307692307
0 0.6538461538461539 0.6382211538461539 0.11538461538461539 0.125
0 0.3449519230769231 0.8221153846153846 0.16105769230769232 0.16105769230769232
0 0.7223557692307693 0.671875 0.15625 0.15144230769230768
0 0.4579326923076923 0.8245192307692307 0.15625 0.1875
0 0.6622596153846154 0.7487980769230769 0.13701923076923078 0.14423076923076922
0 0.5637019230769231 0.8112980769230769 0.1466346153846154 0.18028846153846154
0 0.8978365384615384 0.65625 0.19951923076923078 0.20673076923076922
0 0.39783653846153844 0.2848557692307692 0.04326923076923077 0.057692307692307696
0 0.34975961538461536 0.3161057692307692 0.04326923076923077 0.04326923076923077
0 0.37259615384615385 0.31009615384615385 0.2091346153846154 0.15865384615384615
0 0.40865384615384615 0.35697115384615385 0.10817307692307693 0.11057692307692307
0 0.5600961538461539 0.34375 0.0889423076923077 0.10336538461538461
0 0.6322115384615384 0.3581730769230769 0.09375 0.12259615384615384
0 0.7307692307692307 0.3581730769230769 0.12980769230769232 0.14903846153846154
0 0.49399038461538464 0.4963942307692308 0.19230769230769232 0.1971153846153846
0 0.8329326923076923 0.35697115384615385 0.09375 0.0985576923076923
0 0.6165865384615384 0.47115384615384615 0.18028846153846154 0.18990384615384615
