0 0.6057692307692307 0.4050480769230769 0.12740384615384615 0.14903846153846154
0 0.5588942307692307 0.3954326923076923 0.11538461538461539 0.14903846153846154
0 0.7451923076923077 0.28725961538461536 0.11298076923076923 0.14903846153846154
0 0.8990384615384616 0.24639423076923078 0.1875 0.11778846153846154
0 0.59375 0.24519230769230768 0.06971153846153846 0.13221153846153846
0 0.5024038461538461 0.22716346153846154 0.3605769230769231 0.4495192307692308
0 0.6911057692307693 0.18990384615384615 0.07932692307692307 0.07211538461538461
0 0.6081730769230769 0.16706730769230768 0.7163461538461539 0.23076923076923078
0 0.7704326923076923 0.1346153846153846 0.10817307692307693 0.19230769230769232
0 0.2668269230769231 0.13701923076923078 0.16346153846153846 0.18269230769230768
0 0.7403846153846154 0.08533653846153846 0.12980769230769232 0.13942307692307693
0 0.5709134615384616 0.08653846153846154 0.19951923076923078 0.1658653846153846
0 0.3870192307692308 0.06490384615384616 0.12980769230769232 0.11538461538461539
0 0.24639423076923078 0.04326923076923077 0.09615384615384616 0.0673076923076923
0 0.5012019230769231 0.45913461538461536 0.10336538461538461 0.11057692307692307
