0 0.7091346153846154 0.5805288461538461 0.03365384615384615 0.06009615384615385
0 0.7115384615384616 0.6430288461538461 0.03365384615384615 0.055288461538461536
0 0.8521634615384616 0.6442307692307693 0.038461538461538464 0.0673076923076923
0 0.8365384615384616 0.6490384615384616 0.1466346153846154 0.16826923076923078
0 0.6153846153846154 0.6598557692307693 0.07211538461538461 0.12740384615384615
0 0.5552884615384616 0.6802884615384616 0.038461538461538464 0.07932692307692307
0 0.7307692307692307 0.7235576923076923 0.20673076923076922 0.3894230769230769
0 0.5516826923076923 0.7391826923076923 0.08173076923076923 0.12980769230769232
0 0.8221153846153846 0.8004807692307693 0.09375 0.15144230769230768
0 0.9230769230769231 0.8221153846153846 0.08413461538461539 0.1778846153846154
0 0.4951923076923077 0.84375 0.09134615384615384 0.11778846153846154
0 0.5769230769230769 0.8713942307692307 0.20432692307692307 0.24759615384615385
0 0.7247596153846154 0.9026442307692307 0.1466346153846154 0.13221153846153846
0 0.5769230769230769 0.9435096153846154 0.07211538461538461 0.10096153846153846
