0 0.9483173076923077 0.39302884615384615 0.10096153846153846 0.11538461538461539
0 0.5264423076923077 0.3641826923076923 0.12259615384615384 0.17067307692307693
0 0.6274038461538461 0.33774038461538464 0.0673076923076923 0.09615384615384616
0 0.4879807692307692 0.5540865384615384 0.036057692307692304 0.06009615384615385
0 0.5961538461538461 0.5540865384615384 0.06490384615384616 0.0673076923076923
0 0.3954326923076923 0.5288461538461539 0.021634615384615384 0.04326923076923077
0 0.6165865384615384 0.5216346153846154 0.04567307692307692 0.07211538461538461
0 0.4579326923076923 0.5132211538461539 0.052884615384615384 0.07932692307692307
0 0.5288461538461539 0.48677884615384615 0.052884615384615384 0.055288461538461536
0 0.39783653846153844 0.42788461538461536 0.055288461538461536 0.12740384615384615
0 0.5961538461538461 0.4230769230769231 0.0889423076923077 0.07932692307692307
