0 0.5324519230769231 0.5288461538461539 0.06009615384615385 0.10817307692307693
0 0.8221153846153846 0.6213942307692307 0.16346153846153846 0.13942307692307693
0 0.4230769230769231 0.6310096153846154 0.08173076923076923 0.09615384615384616
0 0.24759615384615385 0.6346153846153846 0.13942307692307693 0.14423076923076922
0 0.6814903846153846 0.6394230769230769 0.11298076923076923 0.3293269230769231
0 0.3125 0.7548076923076923 0.09134615384615384 0.10817307692307693
0 0.24519230769230768 0.7632211538461539 0.0889423076923077 0.11298076923076923
0 0.6526442307692307 0.8064903846153846 0.09375 0.14903846153846154
0 0.5228365384615384 0.8221153846153846 0.1658653846153846 0.28365384615384615
0 0.3894230769230769 0.8353365384615384 0.0625 0.11298076923076923
0 0.7487980769230769 0.8449519230769231 0.09134615384615384 0.17548076923076922
0 0.8112980769230769 0.9711538461538461 0.06009615384615385 0.04807692307692308
0 0.7920673076923077 0.49759615384615385 0.08653846153846154 0.1201923076923077
0 0.24759615384615385 0.5108173076923077 0.10096153846153846 0.10336538461538461
