0 0.4543269230769231 0.3954326923076923 0.09615384615384616 0.09375
0 0.5853365384615384 0.36658653846153844 0.12259615384615384 0.08653846153846154
0 0.3425480769230769 0.2776442307692308 0.05048076923076923 0.06009615384615385
0 0.5625 0.3557692307692308 0.0673076923076923 0.0625
0 0.44350961538461536 0.3112980769230769 0.08173076923076923 0.08413461538461539
0 0.4495192307692308 0.3112980769230769 0.42788461538461536 0.23076923076923078
0 0.7463942307692307 0.40865384615384615 0.04326923076923077 0.057692307692307696
0 0.8918269230769231 0.4483173076923077 0.09134615384615384 0.10576923076923077
0 0.8269230769230769 0.421875 0.028846153846153848 0.026442307692307692
0 0.7427884615384616 0.375 0.14903846153846154 0.13942307692307693
