0 0.23798076923076922 0.265625 0.11778846153846154 0.09615384615384616
0 0.5360576923076923 0.12379807692307693 0.1778846153846154 0.24759615384615385
0 0.53125 0.10216346153846154 0.14903846153846154 0.20432692307692307
0 0.6237980769230769 0.057692307692307696 0.13221153846153846 0.11538461538461539
0 0.6382211538461539 0.037259615384615384 0.1466346153846154 0.07451923076923077
0 0.07091346153846154 0.21514423076923078 0.14182692307692307 0.19951923076923078
0 0.08052884615384616 0.17908653846153846 0.08413461538461539 0.0889423076923077
0 0.38822115384615385 0.0673076923076923 0.24759615384615385 0.1346153846153846
0 0.22115384615384615 0.10096153846153846 0.14423076923076922 0.09375
0 0.5973557692307693 0.7944711538461539 0.08653846153846154 0.10817307692307693
0 0.6430288461538461 0.7283653846153846 0.16346153846153846 0.17548076923076922
0 0.1935096153846154 0.8762019230769231 0.22355769230769232 0.24278846153846154
0 0.3737980769230769 0.7932692307692307 0.004807692307692308 0.007211538461538462
0 0.25961538461538464 0.8004807692307693 0.13942307692307693 0.15144230769230768
0 0.5060096153846154 0.703125 0.20192307692307693 0.19471153846153846
0 0.6141826923076923 0.6274038461538461 0.08413461538461539 0.08173076923076923
0 0.5120192307692307 0.65625 0.14423076923076922 0.14423076923076922
0 0.49038461538461536 0.5697115384615384 0.12259615384615384 0.13701923076923078
