0 0.4495192307692308 0.5985576923076923 0.18990384615384615 0.18509615384615385
0 0.4963942307692308 0.7295673076923077 0.18028846153846154 0.18028846153846154
0 0.5 0.7728365384615384 0.2932692307692308 0.28365384615384615
0 0.6334134615384616 0.8701923076923077 0.25961538461538464 0.23798076923076922
0 0.15865384615384615 0.29447115384615385 0.11057692307692307 0.10336538461538461
0 0.19110576923076922 0.2956730769230769 0.15625 0.14182692307692307
0 0.5300480769230769 0.18509615384615385 0.2620192307692308 0.2980769230769231
0 0.578125 0.21754807692307693 0.41586538461538464 0.4326923076923077
0 0.6105769230769231 0.23918269230769232 0.2956730769230769 0.3269230769230769
0 0.25961538461538464 0.5108173076923077 0.1778846153846154 0.21634615384615385
0 0.3557692307692308 0.5204326923076923 0.17548076923076922 0.21153846153846154
0 0.28846153846153844 0.6165865384615384 0.4326923076923077 0.4735576923076923
