0 0.7235576923076923 0.7704326923076923 0.014423076923076924 0.014423076923076924
0 0.7079326923076923 0.7307692307692307 0.38461538461538464 0.24278846153846154
0 0.36899038461538464 0.6237980769230769 0.18990384615384615 0.15625
0 0.2764423076923077 0.5913461538461539 0.07932692307692307 0.09134615384615384
0 0.7127403846153846 0.7067307692307693 0.09375 0.12980769230769232
0 0.5973557692307693 0.6742788461538461 0.12980769230769232 0.11538461538461539
0 0.7716346153846154 0.7175480769230769 0.07211538461538461 0.0889423076923077
0 0.15625 0.4963942307692308 0.125 0.08413461538461539
0 0.27403846153846156 0.5180288461538461 0.13221153846153846 0.1466346153846154
0 0.5985576923076923 0.5456730769230769 0.06971153846153846 0.12980769230769232
0 0.24278846153846154 0.42427884615384615 0.1875 0.15384615384615385
0 0.5192307692307693 0.484375 0.17548076923076922 0.20432692307692307
0 0.7728365384615384 0.5 0.12259615384615384 0.15384615384615385
0 0.6117788461538461 0.4254807692307692 0.18509615384615385 0.23317307692307693
0 0.8810096153846154 0.49278846153846156 0.07932692307692307 0.0673076923076923
0 0.2932692307692308 0.3245192307692308 0.2644230769230769 0.20192307692307693
0 0.15745192307692307 0.26322115384615385 0.25240384615384615 0.34615384615384615
0 0.9615384615384616 0.47475961538461536 0.07211538461538461 0.10817307692307693
0 0.6814903846153846 0.34134615384615385 0.13701923076923078 0.14423076923076922
0 0.8774038461538461 0.35216346153846156 0.125 0.09615384615384616
0 0.41586538461538464 0.24879807692307693 0.7692307692307693 0.49759615384615385
0 0.5516826923076923 0.25721153846153844 0.17307692307692307 0.2644230769230769
0 0.421875 0.1875 0.20432692307692307 0.22355769230769232
0 0.8834134615384616 0.2704326923076923 0.21394230769230768 0.25961538461538464
0 0.21995192307692307 0.1310096153846154 0.31009615384615385 0.2620192307692308
0 0.8473557692307693 0.22235576923076922 0.10576923076923077 0.17548076923076922
0 0.9723557692307693 0.25240384615384615 0.05048076923076923 0.16346153846153846
0 0.3161057692307692 0.057692307692307696 0.1466346153846154 0.11538461538461539
