0 0.4963942307692308 0.13701923076923078 0.18509615384615385 0.14903846153846154
0 0.35096153846153844 0.21634615384615385 0.11538461538461539 0.11057692307692307
0 0.18990384615384615 0.3173076923076923 0.07692307692307693 0.06971153846153846
0 0.5360576923076923 0.23076923076923078 0.12259615384615384 0.18509615384615385
0 0.6454326923076923 0.20552884615384615 0.15625 0.24759615384615385
0 0.31009615384615385 0.3233173076923077 0.20432692307692307 0.20673076923076922
0 0.5288461538461539 0.4026442307692308 0.5120192307692307 0.5384615384615384
0 0.34615384615384615 0.4795673076923077 0.34134615384615385 0.21153846153846154
0 0.3713942307692308 0.48677884615384615 0.27163461538461536 0.27163461538461536
0 0.5084134615384616 0.5637019230769231 0.27403846153846156 0.30528846153846156
0 0.8990384615384616 0.5757211538461539 0.1778846153846154 0.1875
0 0.2644230769230769 0.8088942307692307 0.13942307692307693 0.11538461538461539
0 0.3894230769230769 0.7992788461538461 0.15625 0.12980769230769232
