0 0.3858173076923077 0.44471153846153844 0.03125 0.052884615384615384
0 0.5144230769230769 0.3701923076923077 0.11778846153846154 0.29086538461538464
0 0.5733173076923077 0.3125 0.09615384615384616 0.11298076923076923
0 0.5985576923076923 0.28966346153846156 0.10336538461538461 0.09134615384615384
0 0.7007211538461539 0.27884615384615385 0.21394230769230768 0.2764423076923077
0 0.09134615384615384 0.28966346153846156 0.16346153846153846 0.5384615384615384
0 0.24519230769230768 0.2824519230769231 0.16105769230769232 0.2620192307692308
0 0.28725961538461536 0.2704326923076923 0.06009615384615385 0.09375
0 0.39302884615384615 0.2512019230769231 0.08173076923076923 0.15384615384615385
0 0.2920673076923077 0.2403846153846154 0.5384615384615384 0.47836538461538464
0 0.23076923076923078 0.23798076923076922 0.08173076923076923 0.08173076923076923
0 0.10697115384615384 0.21634615384615385 0.08173076923076923 0.17067307692307693
0 0.1201923076923077 0.21514423076923078 0.04326923076923077 0.04567307692307692
0 0.6622596153846154 0.13701923076923078 0.12259615384615384 0.12740384615384615
0 0.7752403846153846 0.09975961538461539 0.4254807692307692 0.19951923076923078
0 0.8064903846153846 0.07692307692307693 0.11778846153846154 0.12740384615384615
0 0.25961538461538464 0.05889423076923077 0.12259615384615384 0.10817307692307693
