0 0.203125 0.4014423076923077 0.07932692307692307 0.07451923076923077
0 0.3641826923076923 0.36658653846153844 0.7283653846153846 0.5216346153846154
0 0.040865384615384616 0.5504807692307693 0.08173076923076923 0.12980769230769232
0 0.4699519230769231 0.3317307692307692 0.0985576923076923 0.09375
0 0.6550480769230769 0.23557692307692307 0.0985576923076923 0.07932692307692307
0 0.17067307692307693 0.5096153846153846 0.10096153846153846 0.10336538461538461
0 0.5793269230769231 0.28725961538461536 0.10576923076923077 0.11778846153846154
0 0.10336538461538461 0.5841346153846154 0.06490384615384616 0.06971153846153846
0 0.43028846153846156 0.4050480769230769 0.06971153846153846 0.07932692307692307
0 0.23918269230769232 0.5300480769230769 0.07451923076923077 0.0673076923076923
0 0.8774038461538461 0.36658653846153844 0.057692307692307696 0.055288461538461536
0 0.484375 0.6526442307692307 0.07932692307692307 0.07451923076923077
0 0.59375 0.6105769230769231 0.13701923076923078 0.15625
0 0.6838942307692307 0.5697115384615384 0.1201923076923077 0.13221153846153846
0 0.7596153846153846 0.53125 0.1466346153846154 0.125
0 0.59375 0.6634615384615384 0.14182692307692307 0.13221153846153846
0 0.6995192307692307 0.6165865384615384 0.11057692307692307 0.11778846153846154
0 0.5024038461538461 0.7331730769230769 0.1778846153846154 0.16826923076923078
