0 0.6237980769230769 0.5516826923076923 0.055288461538461536 0.07932692307692307
0 0.6274038461538461 0.5528846153846154 0.055288461538461536 0.07451923076923077
0 0.5673076923076923 0.5757211538461539 0.22596153846153846 0.14182692307692307
0 0.5432692307692307 0.5853365384615384 0.055288461538461536 0.07451923076923077
0 0.5889423076923077 0.5829326923076923 0.057692307692307696 0.07451923076923077
0 0.48677884615384615 0.5913461538461539 0.05048076923076923 0.0673076923076923
0 0.49399038461538464 0.6009615384615384 0.057692307692307696 0.07932692307692307
0 0.5492788461538461 0.6045673076923077 0.038461538461538464 0.10096153846153846
0 0.41586538461538464 0.7319711538461539 0.06971153846153846 0.07932692307692307
0 0.6274038461538461 0.7620192307692307 0.036057692307692304 0.05048076923076923
0 0.4579326923076923 0.7788461538461539 0.14182692307692307 0.06009615384615385
0 0.65625 0.7692307692307693 0.13942307692307693 0.10576923076923077
0 0.3629807692307692 0.7836538461538461 0.0673076923076923 0.06971153846153846
0 0.5661057692307693 0.7884615384615384 0.05048076923076923 0.07932692307692307
0 0.46274038461538464 0.8052884615384616 0.27884615384615385 0.1875
0 0.7115384615384616 0.7980769230769231 0.057692307692307696 0.06971153846153846
0 0.6021634615384616 0.8389423076923077 0.14423076923076922 0.04567307692307692
0 0.4795673076923077 0.8533653846153846 0.09375 0.10336538461538461
0 0.30408653846153844 0.8737980769230769 0.055288461538461536 0.04567307692307692
0 0.25961538461538464 0.9314903846153846 0.07692307692307693 0.06971153846153846
0 0.1201923076923077 0.9711538461538461 0.15384615384615385 0.052884615384615384
