0 0.8569711538461539 0.49759615384615385 0.07451923076923077 0.15865384615384615
0 0.5480769230769231 0.5252403846153846 0.040865384615384616 0.10336538461538461
0 0.8509615384615384 0.5120192307692307 0.09375 0.1346153846153846
0 0.7115384615384616 0.5697115384615384 0.08173076923076923 0.04807692307692308
0 0.484375 0.5817307692307693 0.0625 0.08173076923076923
0 0.5805288461538461 0.578125 0.09615384615384616 0.11057692307692307
0 0.8125 0.5661057692307693 0.04807692307692308 0.0673076923076923
0 0.6778846153846154 0.13942307692307693 0.2548076923076923 0.15625
0 0.36899038461538464 0.16346153846153846 0.036057692307692304 0.057692307692307696
0 0.7319711538461539 0.15504807692307693 0.09615384615384616 0.10817307692307693
0 0.6610576923076923 0.16706730769230768 0.055288461538461536 0.12740384615384615
0 0.6033653846153846 0.16947115384615385 0.036057692307692304 0.0889423076923077
0 0.3894230769230769 0.18028846153846154 0.2668269230769231 0.1658653846153846
0 0.3076923076923077 0.19110576923076922 0.0889423076923077 0.12259615384615384
0 0.46875 0.18990384615384615 0.08413461538461539 0.12259615384615384
0 0.40625 0.19591346153846154 0.04326923076923077 0.07211538461538461
