0 0.8629807692307693 0.3894230769230769 0.14423076923076922 0.15384615384615385
0 0.13221153846153846 0.7668269230769231 0.0985576923076923 0.10817307692307693
0 0.26802884615384615 0.7043269230769231 0.14903846153846154 0.18509615384615385
0 0.7247596153846154 0.484375 0.19951923076923078 0.22596153846153846
0 0.38100961538461536 0.6778846153846154 0.17307692307692307 0.18269230769230768
0 0.4098557692307692 0.6875 0.20432692307692307 0.22115384615384615
0 0.5168269230769231 0.5961538461538461 0.9615384615384616 0.8028846153846154
0 0.23317307692307693 0.8545673076923077 0.14423076923076922 0.14182692307692307
0 0.8521634615384616 0.5673076923076923 0.29086538461538464 0.4375
0 0.35096153846153844 0.8569711538461539 0.10576923076923077 0.12259615384615384
0 0.4411057692307692 0.10697115384615384 0.30528846153846156 0.21394230769230768
0 0.3918269230769231 0.10697115384615384 0.18269230769230768 0.21394230769230768
0 0.47596153846153844 0.08653846153846154 0.17307692307692307 0.17307692307692307
0 0.3641826923076923 0.21153846153846154 0.1201923076923077 0.16346153846153846
0 0.28725961538461536 0.28725961538461536 0.10817307692307693 0.12740384615384615
0 0.21754807692307693 0.3389423076923077 0.07211538461538461 0.07692307692307693
0 0.3425480769230769 0.3088942307692308 0.1778846153846154 0.24278846153846154
0 0.6322115384615384 0.32211538461538464 0.23317307692307693 0.22596153846153846
0 0.15625 0.671875 0.12740384615384615 0.14903846153846154
0 0.5348557692307693 0.48197115384615385 0.27884615384615385 0.27884615384615385
0 0.33413461538461536 0.59375 0.10096153846153846 0.09134615384615384
