0 0.8257211538461539 0.4483173076923077 0.07692307692307693 0.11057692307692307
0 0.12860576923076922 0.21394230769230768 0.10817307692307693 0.10576923076923077
0 0.8257211538461539 0.31009615384615385 0.1875 0.2283653846153846
0 0.28846153846153844 0.12139423076923077 0.12740384615384615 0.09134615384615384
0 0.6862980769230769 0.1814903846153846 0.15384615384615385 0.2091346153846154
0 0.921875 0.11658653846153846 0.15144230769230768 0.11298076923076923
0 0.28966346153846156 0.734375 0.10096153846153846 0.08653846153846154
0 0.40024038461538464 0.6153846153846154 0.1778846153846154 0.13701923076923078
0 0.27403846153846156 0.5733173076923077 0.15625 0.15144230769230768
0 0.5336538461538461 0.5721153846153846 0.0625 0.0889423076923077
0 0.2608173076923077 0.5192307692307693 0.17067307692307693 0.1201923076923077
0 0.41586538461538464 0.5360576923076923 0.125 0.12740384615384615
0 0.16826923076923078 0.4675480769230769 0.0985576923076923 0.11057692307692307
0 0.6237980769230769 0.5228365384615384 0.0673076923076923 0.08653846153846154
0 0.3786057692307692 0.43509615384615385 0.14903846153846154 0.16346153846153846
