0 0.9903846153846154 0.5228365384615384 0.014423076923076924 0.07932692307692307
0 0.5144230769230769 0.39302884615384615 0.1658653846153846 0.15144230769230768
0 0.6117788461538461 0.5649038461538461 0.17307692307692307 0.20673076923076922
0 0.9567307692307693 0.21754807692307693 0.08173076923076923 0.0889423076923077
0 0.6862980769230769 0.6899038461538461 0.29086538461538464 0.2932692307692308
0 0.4423076923076923 0.5901442307692307 0.19471153846153846 0.21634615384615385
0 0.4879807692307692 0.6983173076923077 0.18028846153846154 0.21634615384615385
0 0.6262019230769231 0.7836538461538461 0.20432692307692307 0.1466346153846154
0 0.5444711538461539 0.7127403846153846 0.6370192307692307 0.5697115384615384
0 0.5661057692307693 0.8689903846153846 0.2980769230769231 0.22115384615384615
0 0.36538461538461536 0.010817307692307692 0.07692307692307693 0.021634615384615384
0 0.48197115384615385 0.9266826923076923 0.1658653846153846 0.14182692307692307
0 0.29086538461538464 0.056490384615384616 0.125 0.11298076923076923
0 0.44711538461538464 0.11658653846153846 0.11057692307692307 0.10576923076923077
0 0.7331730769230769 0.27524038461538464 0.06490384615384616 0.06971153846153846
