0 0.828125 0.46033653846153844 0.0985576923076923 0.11778846153846154
0 0.22115384615384615 0.8774038461538461 0.12259615384615384 0.1201923076923077
0 0.8653846153846154 0.5925480769230769 0.2283653846153846 0.25
0 0.4014423076923077 0.9230769230769231 0.13701923076923078 0.11538461538461539
0 0.7680288461538461 0.7548076923076923 0.19230769230769232 0.22355769230769232
0 0.9651442307692307 0.7512019230769231 0.06490384615384616 0.14182692307692307
0 0.23317307692307693 0.3329326923076923 0.11057692307692307 0.10336538461538461
0 0.37259615384615385 0.4170673076923077 0.19230769230769232 0.17067307692307693
0 0.2620192307692308 0.49158653846153844 0.1778846153846154 0.17307692307692307
0 0.5120192307692307 0.4206730769230769 0.07932692307692307 0.09375
0 0.2644230769230769 0.546875 0.18028846153846154 0.15144230769230768
0 0.40865384615384615 0.4879807692307692 0.14423076923076922 0.1466346153846154
0 0.18990384615384615 0.6225961538461539 0.11538461538461539 0.12259615384615384
0 0.6129807692307693 0.44350961538461536 0.08413461538461539 0.09375
0 0.4014423076923077 0.5961538461538461 0.17548076923076922 0.18269230769230768
