0 0.44350961538461536 0.5973557692307693 0.38221153846153844 0.31971153846153844
0 0.7980769230769231 0.7427884615384616 0.39903846153846156 0.5096153846153846
0 0.13341346153846154 0.6358173076923077 0.12980769230769232 0.12259615384615384
0 0.5384615384615384 0.8581730769230769 0.4182692307692308 0.27884615384615385
0 0.2608173076923077 0.8233173076923077 0.2956730769230769 0.2764423076923077
0 0.5324519230769231 0.9627403846153846 0.28125 0.06971153846153846
0 0.24879807692307693 0.03125 0.17067307692307693 0.0625
0 0.6959134615384616 0.21153846153846154 0.20673076923076922 0.21875
0 0.8533653846153846 0.29927884615384615 0.28846153846153844 0.31971153846153844
0 0.7908653846153846 0.3401442307692308 0.41346153846153844 0.4254807692307692
0 0.3918269230769231 0.2283653846153846 0.49759615384615385 0.43028846153846156
0 0.5096153846153846 0.4230769230769231 0.3293269230769231 0.34134615384615385
0 0.12259615384615384 0.3161057692307692 0.14903846153846154 0.18028846153846154
0 0.16826923076923078 0.3425480769230769 0.33653846153846156 0.4254807692307692
0 0.4987980769230769 0.4987980769230769 0.9975961538461539 0.9975961538461539
