0 0.65625 0.15985576923076922 0.06009615384615385 0.08653846153846154
0 0.5 0.16466346153846154 0.9903846153846154 0.25961538461538464
0 0.4230769230769231 0.17548076923076922 0.07692307692307693 0.0673076923076923
0 0.5949519230769231 0.203125 0.0673076923076923 0.07932692307692307
0 0.07091346153846154 0.20793269230769232 0.11057692307692307 0.13221153846153846
0 0.16826923076923078 0.23076923076923078 0.04326923076923077 0.07451923076923077
0 0.7211538461538461 0.23317307692307693 0.10096153846153846 0.17067307692307693
0 0.22716346153846154 0.23557692307692307 0.07211538461538461 0.08173076923076923
0 0.8629807692307693 0.25 0.08413461538461539 0.06009615384615385
0 0.4110576923076923 0.26322115384615385 0.04807692307692308 0.07932692307692307
0 0.3401442307692308 0.2764423076923077 0.04567307692307692 0.0889423076923077
0 0.27283653846153844 0.2824519230769231 0.06971153846153846 0.06971153846153846
0 0.4987980769230769 0.2932692307692308 0.10336538461538461 0.13221153846153846
0 0.1310096153846154 0.3473557692307692 0.04567307692307692 0.0889423076923077
0 0.4074519230769231 0.3870192307692308 0.040865384615384616 0.17067307692307693
0 0.3389423076923077 0.7139423076923077 0.12980769230769232 0.14423076923076922
0 0.04447115384615385 0.7259615384615384 0.08653846153846154 0.18509615384615385
0 0.859375 0.7512019230769231 0.18509615384615385 0.08413461538461539
0 0.20072115384615385 0.7620192307692307 0.11057692307692307 0.13221153846153846
0 0.5072115384615384 0.7944711538461539 0.125 0.12259615384615384
0 0.6730769230769231 0.7944711538461539 0.10336538461538461 0.15625
0 0.8040865384615384 0.8245192307692307 0.07692307692307693 0.12740384615384615
0 0.07932692307692307 0.8425480769230769 0.1346153846153846 0.11298076923076923
0 0.6286057692307693 0.859375 0.10576923076923077 0.15384615384615385
0 0.3737980769230769 0.890625 0.09375 0.20432692307692307
0 0.25600961538461536 0.8990384615384616 0.11298076923076923 0.14903846153846154
0 0.5240384615384616 0.9038461538461539 0.15865384615384615 0.18990384615384615
0 0.78125 0.14302884615384615 0.08173076923076923 0.11057692307692307
0 0.8713942307692307 0.14783653846153846 0.09615384615384616 0.1466346153846154
0 0.9495192307692307 0.1502403846153846 0.09134615384615384 0.16346153846153846
0 0.20432692307692307 0.15504807692307693 0.06009615384615385 0.06490384615384616
0 0.5024038461538461 0.15504807692307693 0.12740384615384615 0.09134615384615384
