0 0.5120192307692307 0.6454326923076923 0.11538461538461539 0.11298076923076923
0 0.578125 0.6394230769230769 0.09615384615384616 0.10336538461538461
0 0.5276442307692307 0.6057692307692307 0.040865384615384616 0.052884615384615384
0 0.7596153846153846 0.5901442307692307 0.10096153846153846 0.10336538461538461
0 0.5096153846153846 0.5264423076923077 0.0673076923076923 0.07692307692307693
0 0.8221153846153846 0.5204326923076923 0.125 0.06490384615384616
0 0.5600961538461539 0.5 0.19471153846153846 0.30528846153846156
0 0.6586538461538461 0.4855769230769231 0.08413461538461539 0.09375
0 0.8052884615384616 0.4519230769230769 0.15384615384615385 0.15625
0 0.6430288461538461 0.4206730769230769 0.24759615384615385 0.3173076923076923
0 0.7608173076923077 0.41225961538461536 0.07211538461538461 0.09375
0 0.546875 0.3737980769230769 0.08413461538461539 0.07932692307692307
0 0.9314903846153846 0.20673076923076922 0.06971153846153846 0.06971153846153846
0 0.5420673076923077 0.20432692307692307 0.06971153846153846 0.0673076923076923
0 0.8365384615384616 0.11298076923076923 0.2644230769230769 0.22596153846153846
0 0.7127403846153846 0.09134615384615384 0.125 0.06490384615384616
0 0.9411057692307693 0.08173076923076923 0.0889423076923077 0.16346153846153846
0 0.7824519230769231 0.056490384615384616 0.09615384615384616 0.0889423076923077
0 0.359375 0.7379807692307693 0.06490384615384616 0.07451923076923077
0 0.375 0.7235576923076923 0.08173076923076923 0.09615384615384616
0 0.47716346153846156 0.7103365384615384 0.04807692307692308 0.07451923076923077
0 0.4182692307692308 0.6574519230769231 0.08173076923076923 0.11298076923076923
