0 0.4110576923076923 0.45072115384615385 0.07451923076923077 0.06971153846153846
0 0.8125 0.24519230769230768 0.05048076923076923 0.04807692307692308
0 0.5240384615384616 0.43028846153846156 0.07451923076923077 0.07932692307692307
0 0.10697115384615384 0.6574519230769231 0.06009615384615385 0.0625
0 0.640625 0.3762019230769231 0.040865384615384616 0.036057692307692304
0 0.7572115384615384 0.32091346153846156 0.07211538461538461 0.057692307692307696
0 0.7908653846153846 0.38341346153846156 0.0673076923076923 0.055288461538461536
0 0.4699519230769231 0.5564903846153846 0.08413461538461539 0.07211538461538461
0 0.5300480769230769 0.5540865384615384 0.052884615384615384 0.04807692307692308
0 0.3112980769230769 0.6790865384615384 0.12740384615384615 0.1346153846153846
0 0.8233173076923077 0.43028846153846156 0.11538461538461539 0.11298076923076923
0 0.47716346153846156 0.6730769230769231 0.0625 0.052884615384615384
0 0.5528846153846154 0.6358173076923077 0.10817307692307693 0.10576923076923077
0 0.5228365384615384 0.6550480769230769 0.20192307692307693 0.20673076923076922
0 0.7908653846153846 0.5192307692307693 0.10817307692307693 0.11298076923076923
0 0.7415865384615384 0.5492788461538461 0.10576923076923077 0.10576923076923077
0 0.43149038461538464 0.7163461538461539 0.10096153846153846 0.10336538461538461
0 0.2800480769230769 0.8209134615384616 0.125 0.12980769230769232
0 0.421875 0.6670673076923077 0.8389423076923077 0.6610576923076923
0 0.9423076923076923 0.5192307692307693 0.11057692307692307 0.1778846153846154
0 0.4387019230769231 0.8064903846153846 0.06971153846153846 0.07932692307692307
0 0.5300480769230769 0.7716346153846154 0.09134615384615384 0.08653846153846154
0 0.40625 0.8389423076923077 0.22596153846153846 0.23798076923076922
0 0.8677884615384616 0.6177884615384616 0.1466346153846154 0.17307692307692307
0 0.8713942307692307 0.6225961538461539 0.16826923076923078 0.14423076923076922
0 0.7055288461538461 0.7283653846153846 0.09375 0.09615384615384616
0 0.7043269230769231 0.7415865384615384 0.29086538461538464 0.29086538461538464
0 0.6550480769230769 0.7668269230769231 0.11538461538461539 0.12980769230769232
0 0.30408653846153844 0.9086538461538461 0.30528846153846156 0.1778846153846154
