0 0.1141826923076923 0.22956730769230768 0.10817307692307693 0.15625
0 0.30408653846153844 0.23076923076923078 0.12980769230769232 0.18509615384615385
0 0.7043269230769231 0.33413461538461536 0.1971153846153846 0.22596153846153846
0 0.9266826923076923 0.3605769230769231 0.14182692307692307 0.22115384615384615
0 0.45072115384615385 0.20072115384615385 0.11778846153846154 0.17548076923076922
0 0.1778846153846154 0.1045673076923077 0.1466346153846154 0.15144230769230768
0 0.5997596153846154 0.22716346153846154 0.18028846153846154 0.23798076923076922
0 0.3737980769230769 0.12620192307692307 0.11778846153846154 0.13221153846153846
0 0.5192307692307693 0.12860576923076922 0.09134615384615384 0.16105769230769232
0 0.2764423076923077 0.046875 0.16346153846153846 0.09375
0 0.9399038461538461 0.20552884615384615 0.11538461538461539 0.18509615384615385
0 0.6610576923076923 0.08774038461538461 0.15865384615384615 0.13942307692307693
0 0.04326923076923077 0.5769230769230769 0.08653846153846154 0.1201923076923077
0 0.12740384615384615 0.5985576923076923 0.07692307692307693 0.12980769230769232
0 0.171875 0.6057692307692307 0.09375 0.15625
0 0.30408653846153844 0.6334134615384616 0.11778846153846154 0.1971153846153846
0 0.3545673076923077 0.6466346153846154 0.12980769230769232 0.14182692307692307
0 0.054086538461538464 0.5432692307692307 0.10817307692307693 0.18269230769230768
0 0.38822115384615385 0.6490384615384616 0.125 0.24759615384615385
0 0.09375 0.5444711538461539 0.04567307692307692 0.07932692307692307
0 0.46274038461538464 0.6430288461538461 0.12980769230769232 0.23317307692307693
0 0.037259615384615384 0.5084134615384616 0.07451923076923077 0.0985576923076923
0 0.25240384615384615 0.5504807692307693 0.11057692307692307 0.2644230769230769
0 0.375 0.484375 0.09615384615384616 0.13221153846153846
0 0.609375 0.5168269230769231 0.125 0.12980769230769232
0 0.859375 0.5769230769230769 0.11057692307692307 0.15144230769230768
0 0.5 0.4387019230769231 0.12980769230769232 0.20432692307692307
0 0.7944711538461539 0.49278846153846156 0.18028846153846154 0.23798076923076922
0 0.20192307692307693 0.3016826923076923 0.15625 0.18028846153846154
