0 0.45913461538461536 0.5997596153846154 0.10096153846153846 0.09375
0 0.7944711538461539 0.6862980769230769 0.14423076923076922 0.17548076923076922
0 0.8641826923076923 0.7007211538461539 0.24519230769230768 0.3004807692307692
0 0.5084134615384616 0.5552884615384616 0.23076923076923078 0.3004807692307692
0 0.6694711538461539 0.6105769230769231 0.5384615384615384 0.3581730769230769
0 0.3798076923076923 0.47115384615384615 0.055288461538461536 0.07451923076923077
0 0.6826923076923077 0.5456730769230769 0.0673076923076923 0.08173076923076923
0 0.41346153846153844 0.34615384615384615 0.10817307692307693 0.12740384615384615
0 0.4423076923076923 0.25 0.07211538461538461 0.07211538461538461
0 0.5264423076923077 0.20552884615384615 0.21153846153846154 0.20673076923076922
0 0.45913461538461536 0.1814903846153846 0.2980769230769231 0.3629807692307692
0 0.4387019230769231 0.14423076923076922 0.08173076923076923 0.10576923076923077
