0 0.8701923076923077 0.49278846153846156 0.13221153846153846 0.20192307692307693
0 0.6754807692307693 0.5588942307692307 0.07211538461538461 0.14903846153846154
0 0.9579326923076923 0.5432692307692307 0.07932692307692307 0.21153846153846154
0 0.5444711538461539 0.6045673076923077 0.21153846153846154 0.20192307692307693
0 0.07572115384615384 0.6778846153846154 0.12980769230769232 0.19471153846153846
0 0.17548076923076922 0.6935096153846154 0.1201923076923077 0.13701923076923078
0 0.5865384615384616 0.65625 0.5096153846153846 0.12740384615384615
0 0.3954326923076923 0.6899038461538461 0.13942307692307693 0.1658653846153846
0 0.7752403846153846 0.6514423076923077 0.3173076923076923 0.2091346153846154
0 0.5 0.703125 0.9951923076923077 0.5408653846153846
0 0.1346153846153846 0.7836538461538461 0.15144230769230768 0.1466346153846154
0 0.31971153846153844 0.7668269230769231 0.13221153846153846 0.19951923076923078
