0 0.203125 0.36658653846153844 0.19230769230769232 0.4879807692307692
0 0.06610576923076923 0.35096153846153844 0.12740384615384615 0.28846153846153844
0 0.28365384615384615 0.27524038461538464 0.23798076923076922 0.31009615384615385
0 0.7331730769230769 0.28125 0.16346153846153846 0.49759615384615385
0 0.6237980769230769 0.2512019230769231 0.39663461538461536 0.43990384615384615
0 0.49038461538461536 0.22716346153846154 0.20432692307692307 0.41346153846153844
0 0.8822115384615384 0.17668269230769232 0.23076923076923078 0.2956730769230769
0 0.43028846153846156 0.7451923076923077 0.13701923076923078 0.12980769230769232
0 0.1875 0.7151442307692307 0.12980769230769232 0.12259615384615384
0 0.6646634615384616 0.7211538461538461 0.22596153846153846 0.15625
