0 0.7283653846153846 0.6165865384615384 0.0985576923076923 0.13221153846153846
0 0.6346153846153846 0.7271634615384616 0.11298076923076923 0.13221153846153846
0 0.7331730769230769 0.7475961538461539 0.06009615384615385 0.07932692307692307
0 0.7007211538461539 0.7704326923076923 0.4375 0.4375
0 0.5685096153846154 0.8221153846153846 0.09615384615384616 0.13221153846153846
0 0.4206730769230769 0.8377403846153846 0.3317307692307692 0.31971153846153844
0 0.3605769230769231 0.9002403846153846 0.125 0.16105769230769232
0 0.5853365384615384 0.9278846153846154 0.1658653846153846 0.13942307692307693
0 0.8810096153846154 0.8629807692307693 0.13942307692307693 0.09375
0 0.41346153846153844 0.4579326923076923 0.10336538461538461 0.0985576923076923
