0 0.3629807692307692 0.45072115384615385 0.0625 0.09134615384615384
0 0.7872596153846154 0.5024038461538461 0.1201923076923077 0.18269230769230768
0 0.7043269230769231 0.49278846153846156 0.07451923076923077 0.1346153846153846
0 0.45913461538461536 0.41466346153846156 0.07211538461538461 0.07211538461538461
0 0.5901442307692307 0.4074519230769231 0.1201923076923077 0.14423076923076922
0 0.36658653846153844 0.3713942307692308 0.04807692307692308 0.0673076923076923
0 0.7223557692307693 0.35096153846153844 0.23076923076923078 0.16346153846153846
0 0.6286057692307693 0.6971153846153846 0.05048076923076923 0.038461538461538464
0 0.5024038461538461 0.671875 0.3076923076923077 0.14182692307692307
0 0.4230769230769231 0.6586538461538461 0.12259615384615384 0.10336538461538461
0 0.41947115384615385 0.65625 0.08173076923076923 0.09375
0 0.2824519230769231 0.44471153846153844 0.08173076923076923 0.0985576923076923
