0 0.9026442307692307 0.36899038461538464 0.06490384615384616 0.125
0 0.16947115384615385 0.7764423076923077 0.3389423076923077 0.40865384615384615
0 0.43990384615384615 0.8269230769230769 0.21394230769230768 0.28125
0 0.7764423076923077 0.11899038461538461 0.09375 0.11057692307692307
0 0.5492788461538461 0.9411057692307693 0.18509615384615385 0.11298076923076923
0 0.7596153846153846 0.15985576923076922 0.3317307692307692 0.2548076923076923
0 0.8401442307692307 0.17427884615384615 0.12259615384615384 0.17548076923076922
0 0.6574519230769231 0.18028846153846154 0.1201923076923077 0.1658653846153846
0 0.33653846153846156 0.17668269230769232 0.13701923076923078 0.15144230769230768
0 0.203125 0.18870192307692307 0.1466346153846154 0.15144230769230768
