0 0.052884615384615384 0.5084134615384616 0.10576923076923077 0.12259615384615384
0 0.34134615384615385 0.5889423076923077 0.14182692307692307 0.1875
0 0.22596153846153846 0.5168269230769231 0.18990384615384615 0.2091346153846154
0 0.4987980769230769 0.6153846153846154 0.17067307692307693 0.18269230769230768
0 0.265625 0.28846153846153844 0.4230769230769231 0.3125
0 0.16105769230769232 0.24639423076923078 0.22596153846153846 0.20673076923076922
0 0.12259615384615384 0.22956730769230768 0.12740384615384615 0.12740384615384615
0 0.359375 0.3173076923076923 0.18028846153846154 0.16346153846153846
0 0.8665865384615384 0.40024038461538464 0.11538461538461539 0.11057692307692307
0 0.9651442307692307 0.44711538461538464 0.06490384615384616 0.125
0 0.9411057692307693 0.44711538461538464 0.11298076923076923 0.2403846153846154
0 0.38461538461538464 0.16826923076923078 0.14423076923076922 0.16105769230769232
0 0.7860576923076923 0.33052884615384615 0.16105769230769232 0.17067307692307693
0 0.8713942307692307 0.3016826923076923 0.25240384615384615 0.3918269230769231
0 0.7175480769230769 0.19951923076923078 0.15625 0.18990384615384615
0 0.9771634615384616 0.3125 0.040865384615384616 0.15384615384615385
0 0.6358173076923077 0.09014423076923077 0.09375 0.0889423076923077
0 0.42788461538461536 0.038461538461538464 0.17307692307692307 0.07692307692307693
