0 0.33774038461538464 0.5540865384615384 0.07932692307692307 0.11298076923076923
0 0.3894230769230769 0.5997596153846154 0.06971153846153846 0.07692307692307693
0 0.5012019230769231 0.6334134615384616 0.07692307692307693 0.10096153846153846
0 0.2932692307692308 0.5829326923076923 0.07692307692307693 0.10096153846153846
0 0.5625 0.6899038461538461 0.6394230769230769 0.4182692307692308
0 0.0625 0.5432692307692307 0.06971153846153846 0.07692307692307693
0 0.8882211538461539 0.8125 0.08413461538461539 0.08653846153846154
0 0.46274038461538464 0.6826923076923077 0.09134615384615384 0.0985576923076923
0 0.4831730769230769 0.6887019230769231 0.07451923076923077 0.08413461538461539
0 0.12259615384615384 0.578125 0.07451923076923077 0.06490384615384616
0 0.25 0.6346153846153846 0.052884615384615384 0.07692307692307693
0 0.7271634615384616 0.7908653846153846 0.08413461538461539 0.09134615384615384
0 0.3137019230769231 0.6670673076923077 0.08413461538461539 0.10817307692307693
0 0.5276442307692307 0.7355769230769231 0.09134615384615384 0.13701923076923078
0 0.5829326923076923 0.7536057692307693 0.07692307692307693 0.12259615384615384
0 0.10216346153846154 0.6081730769230769 0.17067307692307693 0.20673076923076922
0 0.3858173076923077 0.7139423076923077 0.10576923076923077 0.1346153846153846
0 0.4254807692307692 0.7295673076923077 0.0985576923076923 0.11778846153846154
0 0.6370192307692307 0.8052884615384616 0.052884615384615384 0.0625
0 0.11538461538461539 0.6502403846153846 0.08653846153846154 0.0985576923076923
0 0.2247596153846154 0.7055288461538461 0.06971153846153846 0.07692307692307693
0 0.5216346153846154 0.5192307692307693 0.09375 0.10096153846153846
0 0.453125 0.5072115384615384 0.0673076923076923 0.08653846153846154
0 0.4110576923076923 0.5 0.06490384615384616 0.08653846153846154
0 0.3713942307692308 0.4987980769230769 0.04326923076923077 0.06490384615384616
0 0.5432692307692307 0.5793269230769231 0.07932692307692307 0.08173076923076923
0 0.17307692307692307 0.4675480769230769 0.14182692307692307 0.11538461538461539
0 0.6754807692307693 0.6442307692307693 0.0673076923076923 0.0673076923076923
