0 0.5817307692307693 0.2848557692307692 0.21153846153846154 0.13701923076923078
0 0.6430288461538461 0.3088942307692308 0.08653846153846154 0.09134615384615384
0 0.5540865384615384 0.2956730769230769 0.10817307692307693 0.11057692307692307
0 0.35336538461538464 0.24158653846153846 0.23076923076923078 0.17307692307692307
0 0.4110576923076923 0.26322115384615385 0.0889423076923077 0.09134615384615384
0 0.31971153846153844 0.23798076923076922 0.11538461538461539 0.09615384615384616
0 0.21153846153846154 0.23918269230769232 0.07692307692307693 0.06009615384615385
0 0.6694711538461539 0.4098557692307692 0.0673076923076923 0.0985576923076923
0 0.7091346153846154 0.4795673076923077 0.14423076923076922 0.14903846153846154
0 0.7379807692307693 0.5348557692307693 0.13221153846153846 0.14182692307692307
0 0.4050480769230769 0.4543269230769231 0.07451923076923077 0.10096153846153846
0 0.7271634615384616 0.5841346153846154 0.25721153846153844 0.31490384615384615
0 0.7211538461538461 0.6117788461538461 0.12740384615384615 0.1346153846153846
0 0.6117788461538461 0.6646634615384616 0.23798076923076922 0.19230769230769232
0 0.48197115384615385 0.6442307692307693 0.0625 0.11057692307692307
0 0.4182692307692308 0.6358173076923077 0.10576923076923077 0.12740384615384615
0 0.28966346153846156 0.6201923076923077 0.14182692307692307 0.11057692307692307
0 0.039663461538461536 0.5600961538461539 0.07932692307692307 0.10096153846153846
0 0.109375 0.6105769230769231 0.07451923076923077 0.08653846153846154
