0 0.5961538461538461 0.2764423076923077 0.25721153846153844 0.15865384615384615
0 0.5913461538461539 0.296875 0.15384615384615385 0.13942307692307693
0 0.3713942307692308 0.5721153846153846 0.12980769230769232 0.1346153846153846
0 0.37740384615384615 0.6382211538461539 0.4543269230769231 0.3317307692307692
0 0.8341346153846154 0.5588942307692307 0.12980769230769232 0.1658653846153846
0 0.38461538461538464 0.65625 0.0985576923076923 0.1201923076923077
0 0.25841346153846156 0.6814903846153846 0.12740384615384615 0.10096153846153846
0 0.5492788461538461 0.6478365384615384 0.0985576923076923 0.11538461538461539
0 0.5 0.7548076923076923 0.18028846153846154 0.12259615384615384
0 0.6394230769230769 0.7307692307692307 0.14903846153846154 0.11538461538461539
