0 0.5432692307692307 0.3858173076923077 0.06971153846153846 0.0673076923076923
0 0.6418269230769231 0.3894230769230769 0.07451923076923077 0.09134615384615384
0 0.3425480769230769 0.45552884615384615 0.13221153846153846 0.19951923076923078
0 0.3389423076923077 0.4639423076923077 0.1875 0.1971153846153846
0 0.6286057692307693 0.5216346153846154 0.07692307692307693 0.07692307692307693
0 0.25841346153846156 0.6057692307692307 0.05048076923076923 0.06490384615384616
0 0.40625 0.6105769230769231 0.125 0.11778846153846154
0 0.5252403846153846 0.6826923076923077 0.6177884615384616 0.6298076923076923
0 0.5925480769230769 0.75 0.04567307692307692 0.13701923076923078
0 0.6622596153846154 0.7704326923076923 0.0673076923076923 0.11778846153846154
0 0.7319711538461539 0.8401442307692307 0.08653846153846154 0.13942307692307693
0 0.3425480769230769 0.8713942307692307 0.11538461538461539 0.1875
0 0.6225961538461539 0.9543269230769231 0.09375 0.07932692307692307
