0 0.6189903846153846 0.7115384615384616 0.24759615384615385 0.1346153846153846
0 0.6117788461538461 0.6923076923076923 0.14423076923076922 0.12740384615384615
0 0.3641826923076923 0.4423076923076923 0.11778846153846154 0.125
0 0.3641826923076923 0.375 0.4326923076923077 0.2932692307692308
0 0.8257211538461539 0.4074519230769231 0.11538461538461539 0.15625
0 0.36899038461538464 0.35697115384615385 0.0889423076923077 0.11298076923076923
0 0.2403846153846154 0.3449519230769231 0.1201923076923077 0.09134615384615384
0 0.5336538461538461 0.3485576923076923 0.0889423076923077 0.10817307692307693
0 0.4735576923076923 0.24639423076923078 0.17307692307692307 0.10817307692307693
0 0.6141826923076923 0.25600961538461536 0.14182692307692307 0.10096153846153846
