0 0.7379807692307693 0.5456730769230769 0.36778846153846156 0.4182692307692308
0 0.28125 0.8173076923076923 0.14423076923076922 0.21153846153846154
0 0.7644230769230769 0.6802884615384616 0.16105769230769232 0.17307692307692307
0 0.2860576923076923 0.2247596153846154 0.07451923076923077 0.09375
0 0.30649038461538464 0.23557692307692307 0.3004807692307692 0.27403846153846156
0 0.41346153846153844 0.484375 0.09134615384615384 0.11057692307692307
0 0.4987980769230769 0.4495192307692308 0.09375 0.1201923076923077
0 0.8425480769230769 0.28846153846153844 0.16826923076923078 0.18269230769230768
0 0.47475961538461536 0.4951923076923077 0.07451923076923077 0.10576923076923077
0 0.8004807692307693 0.38822115384615385 0.3942307692307692 0.5889423076923077
0 0.3317307692307692 0.6502403846153846 0.14903846153846154 0.20673076923076922
0 0.4723557692307692 0.5853365384615384 0.16826923076923078 0.17548076923076922
0 0.2800480769230769 0.6526442307692307 0.5600961538461539 0.6899038461538461
0 0.6442307692307693 0.5444711538461539 0.09615384615384616 0.11298076923076923
0 0.6682692307692307 0.5649038461538461 0.6394230769230769 0.6466346153846154
