0 0.3581730769230769 0.4326923076923077 0.34615384615384615 0.29086538461538464
0 0.6935096153846154 0.29927884615384615 0.14182692307692307 0.11778846153846154
0 0.30408653846153844 0.027644230769230768 0.0889423076923077 0.055288461538461536
0 0.4735576923076923 0.07572115384615384 0.125 0.10576923076923077
0 0.90625 0.32211538461538464 0.18269230769230768 0.2980769230769231
0 0.2824519230769231 0.6971153846153846 0.18990384615384615 0.15625
0 0.10697115384615384 0.5889423076923077 0.21394230769230768 0.16826923076923078
0 0.7475961538461539 0.8389423076923077 0.2620192307692308 0.24278846153846154
0 0.5925480769230769 0.6670673076923077 0.21634615384615385 0.18509615384615385
0 0.78125 0.7151442307692307 0.2548076923076923 0.2644230769230769
0 0.1502403846153846 0.3389423076923077 0.25961538461538464 0.23798076923076922
