0 0.9747596153846154 0.43509615384615385 0.040865384615384616 0.15384615384615385
0 0.5192307692307693 0.5252403846153846 0.23076923076923078 0.21153846153846154
0 0.21754807692307693 0.5420673076923077 0.21634615384615385 0.13701923076923078
0 0.7319711538461539 0.5552884615384616 0.15144230769230768 0.1875
0 0.8149038461538461 0.6189903846153846 0.36538461538461536 0.3918269230769231
0 0.9206730769230769 0.6694711538461539 0.15384615384615385 0.21875
0 0.18509615384615385 0.6875 0.17548076923076922 0.19951923076923078
0 0.7992788461538461 0.6935096153846154 0.15625 0.17307692307692307
0 0.5709134615384616 0.7800480769230769 0.2620192307692308 0.27403846153846156
0 0.34975961538461536 0.7860576923076923 0.2764423076923077 0.3293269230769231
0 0.18269230769230768 0.875 0.29086538461538464 0.22596153846153846
0 0.13221153846153846 0.8786057692307693 0.14903846153846154 0.13942307692307693
0 0.8040865384615384 0.12620192307692307 0.15384615384615385 0.09134615384615384
0 0.5913461538461539 0.13221153846153846 0.10096153846153846 0.08413461538461539
0 0.6274038461538461 0.13341346153846154 0.6033653846153846 0.18990384615384615
0 0.6478365384615384 0.1971153846153846 0.1346153846153846 0.11057692307692307
0 0.4495192307692308 0.20552884615384615 0.1201923076923077 0.07692307692307693
0 0.5829326923076923 0.2403846153846154 0.08173076923076923 0.07692307692307693
