0 0.5588942307692307 0.5504807692307693 0.08173076923076923 0.08173076923076923
0 0.7295673076923077 0.5661057692307693 0.18028846153846154 0.10576923076923077
0 0.36658653846153844 0.5757211538461539 0.12259615384615384 0.13942307692307693
0 0.7415865384615384 0.5877403846153846 0.08173076923076923 0.11298076923076923
0 0.5012019230769231 0.6045673076923077 0.125 0.11298076923076923
0 0.640625 0.6141826923076923 0.11298076923076923 0.11298076923076923
0 0.3293269230769231 0.6177884615384616 0.1658653846153846 0.19951923076923078
0 0.3329326923076923 0.6478365384615384 0.2980769230769231 0.057692307692307696
0 0.47836538461538464 0.6862980769230769 0.09375 0.16346153846153846
0 0.5709134615384616 0.7055288461538461 0.09134615384615384 0.09134615384615384
0 0.35096153846153844 0.7235576923076923 0.1201923076923077 0.10096153846153846
0 0.19110576923076922 0.7740384615384616 0.25961538461538464 0.12740384615384615
0 0.04927884615384615 0.8365384615384616 0.0985576923076923 0.18509615384615385
0 0.33653846153846156 0.9134615384615384 0.0673076923076923 0.06490384615384616
