0 0.4795673076923077 0.21875 0.09375 0.09615384615384616
0 0.3762019230769231 0.25 0.07211538461538461 0.08173076923076923
0 0.5216346153846154 0.28365384615384615 0.125 0.12740384615384615
0 0.40865384615384615 0.27524038461538464 0.07692307692307693 0.055288461538461536
0 0.5769230769230769 0.3269230769230769 0.08413461538461539 0.15384615384615385
0 0.21153846153846154 0.5264423076923077 0.0985576923076923 0.0985576923076923
0 0.2247596153846154 0.5480769230769231 0.15144230769230768 0.15865384615384615
0 0.6574519230769231 0.6622596153846154 0.07932692307692307 0.0889423076923077
0 0.5841346153846154 0.6478365384615384 0.10336538461538461 0.0985576923076923
0 0.4831730769230769 0.6454326923076923 0.055288461538461536 0.07451923076923077
0 0.3449519230769231 0.6165865384615384 0.08653846153846154 0.14423076923076922
0 0.29086538461538464 0.6310096153846154 0.08653846153846154 0.1658653846153846
0 0.44471153846153844 0.6634615384615384 0.07211538461538461 0.13701923076923078
0 0.49038461538461536 0.6935096153846154 0.11298076923076923 0.1346153846153846
0 0.021634615384615384 0.5949519230769231 0.04326923076923077 0.06490384615384616
0 0.5588942307692307 0.7247596153846154 0.09375 0.1466346153846154
0 0.6862980769230769 0.7620192307692307 0.07932692307692307 0.10336538461538461
0 0.8497596153846154 0.8209134615384616 0.13221153846153846 0.09134615384615384
0 0.7103365384615384 0.8076923076923077 0.040865384615384616 0.04326923076923077
0 0.7764423076923077 0.8245192307692307 0.03365384615384615 0.04807692307692308
