0 0.7295673076923077 0.5997596153846154 0.14903846153846154 0.1875
0 0.4026442307692308 0.6670673076923077 0.21875 0.15625
0 0.23798076923076922 0.7019230769230769 0.14423076923076922 0.125
0 0.6682692307692307 0.5985576923076923 0.3485576923076923 0.1971153846153846
0 0.1346153846153846 0.5324519230769231 0.10096153846153846 0.15625
0 0.7716346153846154 0.3713942307692308 0.07932692307692307 0.12740384615384615
0 0.24639423076923078 0.3786057692307692 0.19471153846153846 0.22355769230769232
0 0.3798076923076923 0.3016826923076923 0.16826923076923078 0.23557692307692307
0 0.6177884615384616 0.22956730769230768 0.13701923076923078 0.14182692307692307
0 0.7536057692307693 0.1778846153846154 0.19230769230769232 0.2091346153846154
