0 0.47596153846153844 0.36899038461538464 0.07932692307692307 0.09615384615384616
0 0.19230769230769232 0.3473557692307692 0.08653846153846154 0.08413461538461539
0 0.36778846153846156 0.3293269230769231 0.09375 0.057692307692307696
0 0.7391826923076923 0.9242788461538461 0.08653846153846154 0.12740384615384615
0 0.4362980769230769 0.3076923076923077 0.09134615384615384 0.15625
0 0.31490384615384615 0.27163461538461536 0.07211538461538461 0.052884615384615384
0 0.30408653846153844 0.2536057692307692 0.05048076923076923 0.0625
0 0.125 0.21394230769230768 0.06971153846153846 0.06971153846153846
0 0.10336538461538461 0.19831730769230768 0.11538461538461539 0.13942307692307693
0 0.31009615384615385 0.1814903846153846 0.125 0.08413461538461539
0 0.44471153846153844 0.17067307692307693 0.15625 0.3317307692307692
0 0.3485576923076923 0.11899038461538461 0.0889423076923077 0.17067307692307693
0 0.8701923076923077 0.07091346153846154 0.23557692307692307 0.14182692307692307
0 0.6730769230769231 0.03485576923076923 0.10096153846153846 0.06971153846153846
0 0.9134615384615384 0.7848557692307693 0.15384615384615385 0.17307692307692307
0 0.4423076923076923 0.6201923076923077 0.08653846153846154 0.07692307692307693
0 0.06009615384615385 0.5961538461538461 0.10576923076923077 0.17548076923076922
0 0.4254807692307692 0.44350961538461536 0.07692307692307693 0.1201923076923077
0 0.3233173076923077 0.4411057692307692 0.09615384615384616 0.13221153846153846
