0 0.9579326923076923 0.38221153846153844 0.07932692307692307 0.16826923076923078
0 0.6310096153846154 0.30288461538461536 0.19471153846153846 0.1971153846153846
0 0.20673076923076922 0.17427884615384615 0.19471153846153846 0.19230769230769232
0 0.9375 0.26322115384615385 0.1201923076923077 0.18990384615384615
0 0.484375 0.2091346153846154 0.90625 0.4182692307692308
0 0.7524038461538461 0.1935096153846154 0.11538461538461539 0.19230769230769232
0 0.5504807692307693 0.14543269230769232 0.30288461538461536 0.29086538461538464
0 0.4675480769230769 0.07932692307692307 0.21394230769230768 0.15865384615384615
0 0.40024038461538464 0.8581730769230769 0.14903846153846154 0.12740384615384615
0 0.054086538461538464 0.7944711538461539 0.10817307692307693 0.12259615384615384
0 0.2800480769230769 0.8173076923076923 0.10096153846153846 0.13221153846153846
0 0.5889423076923077 0.8521634615384616 0.18509615384615385 0.15144230769230768
0 0.4519230769230769 0.8149038461538461 0.9038461538461539 0.3125
0 0.7331730769230769 0.8581730769230769 0.10336538461538461 0.14423076923076922
0 0.20432692307692307 0.765625 0.13942307692307693 0.15144230769230768
