0 0.38221153846153844 0.7307692307692307 0.06490384615384616 0.04326923076923077
0 0.7091346153846154 0.6574519230769231 0.1346153846153846 0.09615384615384616
0 0.7596153846153846 0.6105769230769231 0.1201923076923077 0.1875
0 0.6947115384615384 0.5889423076923077 0.21634615384615385 0.21875
0 0.59375 0.6033653846153846 0.10336538461538461 0.17067307692307693
0 0.12740384615384615 0.6370192307692307 0.1201923076923077 0.0673076923076923
0 0.39302884615384615 0.5180288461538461 0.04807692307692308 0.038461538461538464
0 0.11538461538461539 0.31009615384615385 0.0673076923076923 0.052884615384615384
0 0.8185096153846154 0.14182692307692307 0.08413461538461539 0.038461538461538464
0 0.44350961538461536 0.16706730769230768 0.16346153846153846 0.10817307692307693
0 0.8918269230769231 0.07211538461538461 0.0625 0.07692307692307693
0 0.828125 0.078125 0.12259615384615384 0.11298076923076923
0 0.07211538461538461 0.20552884615384615 0.14423076923076922 0.11298076923076923
0 0.6935096153846154 0.08653846153846154 0.11778846153846154 0.08653846153846154
0 0.18629807692307693 0.17307692307692307 0.12980769230769232 0.1346153846153846
0 0.7512019230769231 0.06971153846153846 0.07211538461538461 0.09375
0 0.33774038461538464 0.1346153846153846 0.12259615384615384 0.11778846153846154
0 0.43149038461538464 0.06610576923076923 0.21394230769230768 0.13221153846153846
0 0.43028846153846156 0.9098557692307693 0.11298076923076923 0.09134615384615384
0 0.12259615384615384 0.9098557692307693 0.12259615384615384 0.11057692307692307
0 0.24278846153846154 0.8786057692307693 0.11538461538461539 0.08413461538461539
