0 0.9314903846153846 0.7752403846153846 0.04567307692307692 0.07692307692307693
0 0.4495192307692308 0.5961538461538461 0.15625 0.13221153846153846
0 0.6286057692307693 0.5120192307692307 0.1466346153846154 0.1971153846153846
0 0.7199519230769231 0.9795673076923077 0.09375 0.036057692307692304
0 0.7608173076923077 0.45072115384615385 0.2644230769230769 0.2668269230769231
0 0.5048076923076923 0.39302884615384615 0.17067307692307693 0.20192307692307693
0 0.6033653846153846 0.33052884615384615 0.15384615384615385 0.20432692307692307
0 0.765625 0.3401442307692308 0.20192307692307693 0.11778846153846154
0 0.6887019230769231 0.31009615384615385 0.5649038461538461 0.6201923076923077
0 0.765625 0.23557692307692307 0.29086538461538464 0.1778846153846154
0 0.09975961538461539 0.8341346153846154 0.07451923076923077 0.036057692307692304
0 0.7355769230769231 0.13221153846153846 0.1466346153846154 0.14423076923076922
0 0.0673076923076923 0.7536057692307693 0.10576923076923077 0.125
0 0.23677884615384615 0.7848557692307693 0.10096153846153846 0.09615384615384616
0 0.5612980769230769 0.8173076923076923 0.057692307692307696 0.0625
