0 0.43028846153846156 0.71875 0.2091346153846154 0.12740384615384615
0 0.36778846153846156 0.6983173076923077 0.08173076923076923 0.0889423076923077
0 0.4567307692307692 0.7079326923076923 0.10576923076923077 0.10817307692307693
0 0.6610576923076923 0.7512019230769231 0.2283653846153846 0.16346153846153846
0 0.6009615384615384 0.7319711538461539 0.08413461538461539 0.0889423076923077
0 0.6935096153846154 0.7524038461538461 0.11298076923076923 0.09134615384615384
0 0.8016826923076923 0.7451923076923077 0.07451923076923077 0.057692307692307696
0 0.33533653846153844 0.5985576923076923 0.0625 0.0985576923076923
0 0.2920673076923077 0.53125 0.13942307692307693 0.14423076923076922
0 0.2608173076923077 0.47716346153846156 0.12740384615384615 0.13942307692307693
0 0.5973557692307693 0.5408653846153846 0.06971153846153846 0.10096153846153846
0 0.2692307692307692 0.42788461538461536 0.24759615384615385 0.31009615384615385
0 0.27283653846153844 0.39903846153846156 0.12259615384615384 0.12980769230769232
0 0.3798076923076923 0.34134615384615385 0.23317307692307693 0.18269230769230768
0 0.5108173076923077 0.3545673076923077 0.057692307692307696 0.11057692307692307
0 0.5745192307692307 0.359375 0.10096153846153846 0.125
0 0.7043269230769231 0.36899038461538464 0.13942307692307693 0.10576923076923077
0 0.9579326923076923 0.4170673076923077 0.07932692307692307 0.0985576923076923
0 0.8846153846153846 0.36899038461538464 0.07211538461538461 0.08413461538461539
