0 0.6225961538461539 0.703125 0.2764423076923077 0.23798076923076922
0 0.4651442307692308 0.7055288461538461 0.0625 0.11298076923076923
0 0.11899038461538461 0.65625 0.1778846153846154 0.30528846153846156
0 0.21033653846153846 0.71875 0.20192307692307693 0.25721153846153844
0 0.5252403846153846 0.35096153846153844 0.17548076923076922 0.12980769230769232
0 0.8449519230769231 0.41466346153846156 0.09375 0.10817307692307693
0 0.6586538461538461 0.38221153846153844 0.14903846153846154 0.11298076923076923
0 0.7680288461538461 0.40625 0.12980769230769232 0.10336538461538461
0 0.3329326923076923 0.3269230769230769 0.24519230769230768 0.17067307692307693
0 0.1935096153846154 0.5012019230769231 0.07451923076923077 0.12740384615384615
