0 0.8569711538461539 0.7007211538461539 0.10817307692307693 0.19471153846153846
0 0.9182692307692307 0.6526442307692307 0.12740384615384615 0.23557692307692307
0 0.5661057692307693 0.5372596153846154 0.2860576923076923 0.4182692307692308
0 0.8762019230769231 0.5709134615384616 0.14423076923076922 0.16826923076923078
0 0.703125 0.4855769230769231 0.2764423076923077 0.37259615384615385
0 0.8305288461538461 0.45072115384615385 0.14423076923076922 0.15384615384615385
0 0.6862980769230769 0.3918269230769231 0.20673076923076922 0.23557692307692307
0 0.5 0.29086538461538464 0.18028846153846154 0.21875
0 0.4266826923076923 0.24879807692307693 0.03365384615384615 0.04567307692307692
0 0.7776442307692307 0.25600961538461536 0.12259615384615384 0.15625
0 0.6947115384615384 0.9399038461538461 0.11057692307692307 0.11538461538461539
0 0.4483173076923077 0.046875 0.07451923076923077 0.09375
0 0.8076923076923077 0.8581730769230769 0.1778846153846154 0.27884615384615385
0 0.5925480769230769 0.7896634615384616 0.125 0.2283653846153846
0 0.7728365384615384 0.8137019230769231 0.14423076923076922 0.16346153846153846
0 0.7487980769230769 0.7548076923076923 0.16346153846153846 0.3004807692307692
