0 0.7055288461538461 0.3449519230769231 0.057692307692307696 0.026442307692307692
0 0.8473557692307693 0.3269230769230769 0.1201923076923077 0.09615384615384616
0 0.5793269230769231 0.4735576923076923 0.09375 0.10576923076923077
0 0.140625 0.5540865384615384 0.11778846153846154 0.12740384615384615
0 0.859375 0.47716346153846156 0.10096153846153846 0.12259615384615384
0 0.7223557692307693 0.5192307692307693 0.07692307692307693 0.08413461538461539
0 0.5973557692307693 0.5456730769230769 0.2620192307692308 0.4495192307692308
0 0.21995192307692307 0.6117788461538461 0.4375 0.35336538461538464
0 0.875 0.5084134615384616 0.22115384615384615 0.27884615384615385
0 0.3125 0.6177884615384616 0.11298076923076923 0.11298076923076923
0 0.4567307692307692 0.5985576923076923 0.09134615384615384 0.13221153846153846
