0 0.7932692307692307 0.5360576923076923 0.08173076923076923 0.0985576923076923
0 0.45913461538461536 0.3293269230769231 0.46153846153846156 0.5024038461538461
0 0.44591346153846156 0.3161057692307692 0.11298076923076923 0.13701923076923078
0 0.5024038461538461 0.29927884615384615 0.07451923076923077 0.07932692307692307
0 0.7584134615384616 0.40024038461538464 0.12259615384615384 0.15384615384615385
0 0.4831730769230769 0.22956730769230768 0.11298076923076923 0.1201923076923077
0 0.7115384615384616 0.3485576923076923 0.23557692307692307 0.28365384615384615
0 0.84375 0.39783653846153844 0.10817307692307693 0.125
0 0.7163461538461539 0.2980769230769231 0.19471153846153846 0.22596153846153846
0 0.8221153846153846 0.2824519230769231 0.12740384615384615 0.16105769230769232
0 0.9735576923076923 0.359375 0.04807692307692308 0.2283653846153846
0 0.41586538461538464 0.5697115384615384 0.07932692307692307 0.0889423076923077
0 0.14543269230769232 0.3629807692307692 0.16826923076923078 0.16346153846153846
0 0.3485576923076923 0.41586538461538464 0.09375 0.10576923076923077
0 0.4579326923076923 0.42908653846153844 0.1346153846153846 0.13942307692307693
0 0.6213942307692307 0.5024038461538461 0.04567307692307692 0.052884615384615384
