0 0.10216346153846154 0.5576923076923077 0.20432692307692307 0.2403846153846154
0 0.20072115384615385 0.41947115384615385 0.31971153846153844 0.35096153846153844
0 0.21153846153846154 0.45913461538461536 0.4230769230769231 0.6442307692307693
0 0.38822115384615385 0.22235576923076922 0.2860576923076923 0.2956730769230769
0 0.018028846153846152 0.3918269230769231 0.036057692307692304 0.17307692307692307
0 0.05889423076923077 0.33052884615384615 0.11778846153846154 0.2091346153846154
0 0.2704326923076923 0.8954326923076923 0.08653846153846154 0.08173076923076923
0 0.35096153846153844 0.7307692307692307 0.11778846153846154 0.14423076923076922
0 0.17908653846153846 0.7716346153846154 0.12259615384615384 0.14182692307692307
0 0.3137019230769231 0.6009615384615384 0.16105769230769232 0.19951923076923078
0 0.5661057692307693 0.453125 0.14903846153846154 0.19230769230769232
