0 0.4266826923076923 0.6033653846153846 0.0673076923076923 0.08653846153846154
0 0.7163461538461539 0.8040865384615384 0.25240384615384615 0.25240384615384615
0 0.5817307692307693 0.7932692307692307 0.0889423076923077 0.16346153846153846
0 0.15745192307692307 0.65625 0.14423076923076922 0.16346153846153846
0 0.19591346153846154 0.6814903846153846 0.2860576923076923 0.28846153846153844
0 0.14302884615384615 0.6802884615384616 0.10096153846153846 0.10336538461538461
0 0.21634615384615385 0.7295673076923077 0.10576923076923077 0.1201923076923077
0 0.4254807692307692 0.8149038461538461 0.10096153846153846 0.125
0 0.3173076923076923 0.8305288461538461 0.13221153846153846 0.19951923076923078
0 0.3233173076923077 0.8473557692307693 0.32211538461538464 0.29086538461538464
0 0.5925480769230769 0.9122596153846154 0.2956730769230769 0.17067307692307693
0 0.3786057692307692 0.9242788461538461 0.10096153846153846 0.11538461538461539
0 0.5252403846153846 0.9579326923076923 0.11298076923076923 0.07932692307692307
0 0.6237980769230769 0.9879807692307693 0.06971153846153846 0.019230769230769232
0 0.4423076923076923 0.38100961538461536 0.07932692307692307 0.08173076923076923
