0 0.3125 0.6141826923076923 0.08173076923076923 0.12740384615384615
0 0.3713942307692308 0.6610576923076923 0.09375 0.0985576923076923
0 0.24879807692307693 0.6911057692307693 0.1346153846153846 0.09375
0 0.5324519230769231 0.7163461538461539 0.055288461538461536 0.07692307692307693
0 0.6875 0.7512019230769231 0.0889423076923077 0.12740384615384615
0 0.6923076923076923 0.7512019230769231 0.27163461538461536 0.25721153846153844
0 0.6213942307692307 0.7836538461538461 0.07451923076923077 0.12740384615384615
0 0.42908653846153844 0.7872596153846154 0.10336538461538461 0.23076923076923078
0 0.2848557692307692 0.8173076923076923 0.0985576923076923 0.18028846153846154
0 0.7415865384615384 0.953125 0.15384615384615385 0.08173076923076923
0 0.4362980769230769 0.40384615384615385 0.21153846153846154 0.14182692307692307
0 0.47475961538461536 0.41586538461538464 0.06971153846153846 0.07692307692307693
0 0.39663461538461536 0.4182692307692308 0.07451923076923077 0.08173076923076923
