0 0.4579326923076923 0.7379807692307693 0.1346153846153846 0.14423076923076922
0 0.3605769230769231 0.7295673076923077 0.09375 0.11298076923076923
0 0.8461538461538461 0.5564903846153846 0.08173076923076923 0.12259615384615384
0 0.7908653846153846 0.5552884615384616 0.15384615384615385 0.24759615384615385
0 0.24639423076923078 0.6574519230769231 0.057692307692307696 0.10576923076923077
0 0.4326923076923077 0.6081730769230769 0.08173076923076923 0.15625
0 0.7139423076923077 0.5492788461538461 0.11298076923076923 0.2091346153846154
0 0.4495192307692308 0.5901442307692307 0.1658653846153846 0.24759615384615385
0 0.2764423076923077 0.6201923076923077 0.0985576923076923 0.18028846153846154
0 0.6923076923076923 0.9182692307692307 0.08653846153846154 0.10096153846153846
0 0.43149038461538464 0.4891826923076923 0.16826923076923078 0.18028846153846154
0 0.640625 0.4411057692307692 0.27163461538461536 0.2403846153846154
0 0.5685096153846154 0.3401442307692308 0.2403846153846154 0.3125
0 0.3545673076923077 0.37259615384615385 0.1778846153846154 0.23557692307692307
0 0.20552884615384615 0.32572115384615385 0.31971153846153844 0.5504807692307693
0 0.41346153846153844 0.2548076923076923 0.13701923076923078 0.18509615384615385
0 0.1502403846153846 0.29927884615384615 0.19230769230769232 0.2860576923076923
0 0.7067307692307693 0.1814903846153846 0.1971153846153846 0.18990384615384615
0 0.34975961538461536 0.24519230769230768 0.3557692307692308 0.3293269230769231
0 0.7475961538461539 0.7295673076923077 0.0673076923076923 0.21153846153846154
