0 0.6370192307692307 0.44591346153846156 0.09134615384615384 0.10817307692307693
0 0.35216346153846156 0.7475961538461539 0.07211538461538461 0.0673076923076923
0 0.4074519230769231 0.7439903846153846 0.10576923076923077 0.12259615384615384
0 0.5420673076923077 0.7151442307692307 0.11778846153846154 0.1201923076923077
0 0.4375 0.796875 0.057692307692307696 0.036057692307692304
0 0.6382211538461539 0.7836538461538461 0.06971153846153846 0.09615384615384616
0 0.47836538461538464 0.8425480769230769 0.05048076923076923 0.07211538461538461
0 0.5540865384615384 0.828125 0.04807692307692308 0.07451923076923077
0 0.5865384615384616 0.8617788461538461 0.2283653846153846 0.25721153846153844
0 0.5588942307692307 0.875 0.08413461538461539 0.11298076923076923
0 0.8257211538461539 0.8185096153846154 0.18509615384615385 0.23557692307692307
0 0.8088942307692307 0.8329326923076923 0.06490384615384616 0.08173076923076923
0 0.6502403846153846 0.9098557692307693 0.15865384615384615 0.10096153846153846
0 0.7548076923076923 0.9038461538461539 0.057692307692307696 0.06490384615384616
