0 0.25240384615384615 0.546875 0.19951923076923078 0.19471153846153846
0 0.7764423076923077 0.4423076923076923 0.06009615384615385 0.0673076923076923
0 0.18629807692307693 0.5901442307692307 0.14903846153846154 0.13701923076923078
0 0.4543269230769231 0.5408653846153846 0.08653846153846154 0.13221153846153846
0 0.3858173076923077 0.5709134615384616 0.08653846153846154 0.11057692307692307
0 0.5625 0.5324519230769231 0.0673076923076923 0.08653846153846154
0 0.5024038461538461 0.5721153846153846 0.10096153846153846 0.11778846153846154
0 0.3004807692307692 0.6237980769230769 0.0889423076923077 0.13221153846153846
0 0.6358173076923077 0.6875 0.13701923076923078 0.11298076923076923
0 0.4639423076923077 0.7391826923076923 0.17548076923076922 0.22115384615384615
0 0.3942307692307692 0.8269230769230769 0.15384615384615385 0.15865384615384615
0 0.6622596153846154 0.7740384615384616 0.19471153846153846 0.12980769230769232
0 0.1935096153846154 0.9122596153846154 0.18509615384615385 0.17067307692307693
0 0.49278846153846156 0.9194711538461539 0.1466346153846154 0.14182692307692307
