0 0.4326923076923077 0.7728365384615384 0.10817307692307693 0.11057692307692307
0 0.5408653846153846 0.7764423076923077 0.08653846153846154 0.09134615384615384
0 0.41225961538461536 0.6995192307692307 0.14423076923076922 0.1466346153846154
0 0.5168269230769231 0.7415865384615384 0.07932692307692307 0.06971153846153846
0 0.37259615384615385 0.640625 0.1201923076923077 0.15384615384615385
0 0.7824519230769231 0.5649038461538461 0.11298076923076923 0.11298076923076923
0 0.7776442307692307 0.5396634615384616 0.1778846153846154 0.18028846153846154
0 0.40024038461538464 0.296875 0.09375 0.0985576923076923
0 0.46634615384615385 0.3329326923076923 0.11778846153846154 0.11538461538461539
0 0.5612980769230769 0.36778846153846156 0.06971153846153846 0.07932692307692307
0 0.6838942307692307 0.4362980769230769 0.11778846153846154 0.1466346153846154
0 0.7391826923076923 0.43990384615384615 0.125 0.16346153846153846
0 0.6033653846153846 0.36177884615384615 0.10576923076923077 0.13701923076923078
0 0.5685096153846154 0.31850961538461536 0.13701923076923078 0.14903846153846154
0 0.9783653846153846 0.5625 0.038461538461538464 0.07692307692307693
0 0.5132211538461539 0.26802884615384615 0.125 0.15144230769230768
0 0.40384615384615385 0.1935096153846154 0.0985576923076923 0.11057692307692307
0 0.2668269230769231 0.08653846153846154 0.13942307692307693 0.1201923076923077
0 0.3954326923076923 0.14302884615384615 0.04807692307692308 0.05048076923076923
0 0.33774038461538464 0.10576923076923077 0.04326923076923077 0.05048076923076923
