0 0.5228365384615384 0.2692307692307692 0.23076923076923078 0.10576923076923077
0 0.6129807692307693 0.27884615384615385 0.07692307692307693 0.07932692307692307
0 0.4795673076923077 0.2824519230769231 0.1778846153846154 0.09615384615384616
0 0.6514423076923077 0.3858173076923077 0.057692307692307696 0.1201923076923077
0 0.6394230769230769 0.43149038461538464 0.06971153846153846 0.1971153846153846
0 0.7872596153846154 0.4855769230769231 0.11057692307692307 0.13701923076923078
0 0.9278846153846154 0.5300480769230769 0.0625 0.16346153846153846
0 0.38221153846153844 0.5300480769230769 0.08413461538461539 0.20192307692307693
0 0.5252403846153846 0.5564903846153846 0.16105769230769232 0.18269230769230768
0 0.9158653846153846 0.6105769230769231 0.0985576923076923 0.24278846153846154
0 0.5552884615384616 0.5997596153846154 0.1346153846153846 0.17067307692307693
0 0.6766826923076923 0.671875 0.17548076923076922 0.6514423076923077
0 0.39663461538461536 0.7151442307692307 0.15865384615384615 0.24278846153846154
0 0.6586538461538461 0.7536057692307693 0.6057692307692307 0.4879807692307692
0 0.8605769230769231 0.7884615384615384 0.1971153846153846 0.22355769230769232
0 0.7175480769230769 0.7884615384615384 0.2764423076923077 0.4182692307692308
0 0.7079326923076923 0.8137019230769231 0.07932692307692307 0.1971153846153846
0 0.4831730769230769 0.8533653846153846 0.09134615384615384 0.12740384615384615
0 0.6454326923076923 0.8846153846153846 0.11298076923076923 0.22596153846153846
0 0.28125 0.9026442307692307 0.15625 0.18269230769230768
0 0.4182692307692308 0.9182692307692307 0.10096153846153846 0.15625
