0 0.5048076923076923 0.8473557692307693 0.2620192307692308 0.10096153846153846
0 0.27884615384615385 0.8112980769230769 0.14423076923076922 0.07211538461538461
0 0.49278846153846156 0.78125 0.5216346153846154 0.17548076923076922
0 0.5252403846153846 0.7680288461538461 0.5336538461538461 0.15144230769230768
0 0.35096153846153844 0.7512019230769231 0.13942307692307693 0.03365384615384615
0 0.49038461538461536 0.734375 0.15865384615384615 0.06490384615384616
0 0.6526442307692307 0.7307692307692307 0.18269230769230768 0.07451923076923077
0 0.8016826923076923 0.7067307692307693 0.09134615384615384 0.02403846153846154
0 0.47836538461538464 0.6935096153846154 0.14903846153846154 0.02403846153846154
0 0.3233173076923077 0.46033653846153844 0.10096153846153846 0.10096153846153846
0 0.8064903846153846 0.3701923076923077 0.25961538461538464 0.14182692307692307
0 0.4326923076923077 0.31490384615384615 0.31971153846153844 0.1875
