0 0.8870192307692307 0.5492788461538461 0.15865384615384615 0.14903846153846154
0 0.5204326923076923 0.42788461538461536 0.12259615384615384 0.12980769230769232
0 0.18990384615384615 0.328125 0.16105769230769232 0.15865384615384615
0 0.7331730769230769 0.3701923076923077 0.18028846153846154 0.22596153846153846
0 0.34375 0.23918269230769232 0.18028846153846154 0.2956730769230769
0 0.9038461538461539 0.4026442307692308 0.1875 0.18509615384615385
0 0.5276442307692307 0.2776442307692308 0.1971153846153846 0.19230769230769232
0 0.125 0.16346153846153846 0.17307692307692307 0.3269230769230769
0 0.234375 0.140625 0.15865384615384615 0.25240384615384615
0 0.265625 0.6454326923076923 0.0673076923076923 0.0889423076923077
0 0.8365384615384616 0.7872596153846154 0.18028846153846154 0.12259615384615384
0 0.5769230769230769 0.7067307692307693 0.21634615384615385 0.16105769230769232
0 0.5961538461538461 0.7079326923076923 0.07692307692307693 0.08413461538461539
0 0.25 0.6021634615384616 0.24519230769230768 0.16826923076923078
0 0.8076923076923077 0.7620192307692307 0.04567307692307692 0.055288461538461536
0 0.8737980769230769 0.7788461538461539 0.057692307692307696 0.0625
0 0.24158653846153846 0.5829326923076923 0.10336538461538461 0.10096153846153846
0 0.3173076923076923 0.5961538461538461 0.09134615384615384 0.11057692307692307
0 0.5132211538461539 0.5264423076923077 0.11538461538461539 0.18269230769230768
