0 0.20072115384615385 0.5180288461538461 0.21394230769230768 0.25961538461538464
0 0.35216346153846156 0.7079326923076923 0.6129807692307693 0.5408653846153846
0 0.4831730769230769 0.7956730769230769 0.21153846153846154 0.25961538461538464
0 0.3293269230769231 0.7367788461538461 0.1971153846153846 0.1971153846153846
0 0.18028846153846154 0.7199519230769231 0.2283653846153846 0.2668269230769231
0 0.4026442307692308 0.09254807692307693 0.14423076923076922 0.14423076923076922
0 0.46634615384615385 0.1502403846153846 0.40384615384615385 0.3004807692307692
0 0.5024038461538461 0.15264423076923078 0.1346153846153846 0.14423076923076922
0 0.7163461538461539 0.2920673076923077 0.28365384615384615 0.24759615384615385
0 0.6971153846153846 0.2932692307692308 0.14423076923076922 0.12980769230769232
0 0.25240384615384615 0.33653846153846156 0.13942307692307693 0.18269230769230768
