0 0.9230769230769231 0.5360576923076923 0.14903846153846154 0.21153846153846154
0 0.8377403846153846 0.5192307692307693 0.11057692307692307 0.24278846153846154
0 0.7596153846153846 0.49158653846153844 0.21153846153846154 0.3245192307692308
0 0.6971153846153846 0.4387019230769231 0.2644230769230769 0.34375
0 0.59375 0.4110576923076923 0.18990384615384615 0.34615384615384615
0 0.4098557692307692 0.2932692307692308 0.2091346153846154 0.3389423076923077
0 0.4879807692307692 0.15985576923076922 0.15865384615384615 0.15384615384615385
0 0.19951923076923078 0.10216346153846154 0.125 0.0985576923076923
0 0.6430288461538461 0.8629807692307693 0.17067307692307693 0.11538461538461539
0 0.5588942307692307 0.8112980769230769 0.125 0.11778846153846154
0 0.4855769230769231 0.7908653846153846 0.11538461538461539 0.13221153846153846
0 0.3473557692307692 0.7524038461538461 0.13942307692307693 0.18028846153846154
0 0.4483173076923077 0.7487980769230769 0.07692307692307693 0.0889423076923077
0 0.6923076923076923 0.7776442307692307 0.13221153846153846 0.14423076923076922
0 0.2512019230769231 0.6947115384615384 0.1346153846153846 0.1658653846153846
0 0.15865384615384615 0.6454326923076923 0.18269230769230768 0.16346153846153846
0 0.5408653846153846 0.5745192307692307 0.0625 0.09134615384615384
0 0.671875 0.5889423076923077 0.06009615384615385 0.09615384615384616
0 0.6225961538461539 0.5588942307692307 0.09375 0.10336538461538461
