0 0.7487980769230769 0.4567307692307692 0.1971153846153846 0.19230769230769232
0 0.22235576923076922 0.5528846153846154 0.06009615384615385 0.0673076923076923
0 0.8149038461538461 0.41586538461538464 0.14903846153846154 0.13701923076923078
0 0.546875 0.46033653846153844 0.08653846153846154 0.13221153846153846
0 0.6153846153846154 0.43149038461538464 0.08413461538461539 0.10817307692307693
0 0.4375 0.46634615384615385 0.06490384615384616 0.08653846153846154
0 0.4987980769230769 0.42788461538461536 0.0985576923076923 0.11538461538461539
0 0.7019230769230769 0.3798076923076923 0.08653846153846154 0.12980769230769232
0 0.36778846153846156 0.31009615384615385 0.13701923076923078 0.11057692307692307
0 0.5408653846153846 0.2620192307692308 0.17307692307692307 0.21875
0 0.6117788461538461 0.17548076923076922 0.15144230769230768 0.15625
0 0.3425480769230769 0.22355769230769232 0.19471153846153846 0.12740384615384615
0 0.8149038461538461 0.0889423076923077 0.18269230769230768 0.1778846153846154
0 0.5144230769230769 0.08052884615384616 0.1466346153846154 0.14182692307692307
