0 0.18269230769230768 0.6298076923076923 0.07692307692307693 0.17548076923076922
0 0.6298076923076923 0.6850961538461539 0.09375 0.20432692307692307
0 0.5432692307692307 0.7079326923076923 0.06009615384615385 0.12980769230769232
0 0.3858173076923077 0.7079326923076923 0.5360576923076923 0.5408653846153846
0 0.24759615384615385 0.7355769230769231 0.13221153846153846 0.16346153846153846
0 0.36658653846153844 0.78125 0.11538461538461539 0.1875
0 0.7271634615384616 0.8401442307692307 0.0985576923076923 0.18028846153846154
0 0.5588942307692307 0.8473557692307693 0.11538461538461539 0.17548076923076922
0 0.4254807692307692 0.8882211538461539 0.10096153846153846 0.11298076923076923
0 0.17908653846153846 0.27524038461538464 0.11538461538461539 0.1201923076923077
0 0.24519230769230768 0.41466346153846156 0.06009615384615385 0.07451923076923077
0 0.3713942307692308 0.5528846153846154 0.11778846153846154 0.19951923076923078
0 0.5432692307692307 0.5757211538461539 0.08173076923076923 0.11298076923076923
0 0.11899038461538461 0.5793269230769231 0.07211538461538461 0.21153846153846154
0 0.47836538461538464 0.5925480769230769 0.08653846153846154 0.19951923076923078
