0 0.5673076923076923 0.5793269230769231 0.15625 0.07692307692307693
0 0.3449519230769231 0.5048076923076923 0.1201923076923077 0.10096153846153846
0 0.6394230769230769 0.5456730769230769 0.7019230769230769 0.23317307692307693
0 0.09014423076923077 0.36658653846153844 0.12740384615384615 0.08653846153846154
0 0.49158653846153844 0.3701923076923077 0.15144230769230768 0.11057692307692307
0 0.7475961538461539 0.4074519230769231 0.31490384615384615 0.13942307692307693
0 0.9627403846153846 0.36538461538461536 0.06971153846153846 0.07211538461538461
0 0.40625 0.8918269230769231 0.20673076923076922 0.18509615384615385
0 0.5576923076923077 0.9002403846153846 0.15384615384615385 0.0889423076923077
0 0.4170673076923077 0.8762019230769231 0.6538461538461539 0.20673076923076922
0 0.6766826923076923 0.9122596153846154 0.1201923076923077 0.10096153846153846
0 0.16706730769230768 0.8209134615384616 0.2091346153846154 0.12980769230769232
0 0.9194711538461539 0.7211538461538461 0.10576923076923077 0.0985576923076923
0 0.8233173076923077 0.7019230769230769 0.11298076923076923 0.08413461538461539
0 0.056490384615384616 0.5661057692307693 0.11298076923076923 0.20432692307692307
0 0.8786057692307693 0.6850961538461539 0.21634615384615385 0.23798076923076922
