0 0.8509615384615384 0.7800480769230769 0.1971153846153846 0.23076923076923078
0 0.734375 0.7091346153846154 0.21394230769230768 0.18990384615384615
0 0.25240384615384615 0.4831730769230769 0.4014423076923077 0.37259615384615385
0 0.47475961538461536 0.5612980769230769 0.2932692307692308 0.2956730769230769
0 0.9314903846153846 0.6959134615384616 0.08413461538461539 0.11778846153846154
0 0.6646634615384616 0.5877403846153846 0.19230769230769232 0.17307692307692307
0 0.9519230769230769 0.5564903846153846 0.09134615384615384 0.11778846153846154
0 0.2824519230769231 0.29927884615384615 0.32211538461538464 0.22115384615384615
0 0.8701923076923077 0.3798076923076923 0.2548076923076923 0.4230769230769231
0 0.8425480769230769 0.20072115384615385 0.31009615384615385 0.28125
