0 0.359375 0.5564903846153846 0.04326923076923077 0.05048076923076923
0 0.4387019230769231 0.5829326923076923 0.0673076923076923 0.055288461538461536
0 0.49399038461538464 0.5889423076923077 0.10817307692307693 0.0673076923076923
0 0.6033653846153846 0.5973557692307693 0.10817307692307693 0.07692307692307693
0 0.5120192307692307 0.5324519230769231 0.125 0.0985576923076923
0 0.6862980769230769 0.5600961538461539 0.1201923076923077 0.0985576923076923
0 0.7644230769230769 0.5889423076923077 0.08413461538461539 0.07211538461538461
0 0.8173076923076923 0.5625 0.07692307692307693 0.09375
0 0.6766826923076923 0.4963942307692308 0.11298076923076923 0.12259615384615384
0 0.2548076923076923 0.3389423076923077 0.13701923076923078 0.11298076923076923
0 0.43509615384615385 0.4014423076923077 0.11057692307692307 0.1346153846153846
0 0.7572115384615384 0.515625 0.125 0.11057692307692307
0 0.5576923076923077 0.43990384615384615 0.1875 0.19951923076923078
0 0.8918269230769231 0.5300480769230769 0.05048076923076923 0.055288461538461536
0 0.6766826923076923 0.43509615384615385 0.0985576923076923 0.06009615384615385
0 0.7608173076923077 0.46153846153846156 0.08413461538461539 0.06971153846153846
0 0.35336538461538464 0.296875 0.08653846153846154 0.10096153846153846
0 0.26322115384615385 0.2620192307692308 0.11057692307692307 0.09375
0 0.48677884615384615 0.3329326923076923 0.1201923076923077 0.0625
0 0.7043269230769231 0.36778846153846156 0.06971153846153846 0.040865384615384616
0 0.5360576923076923 0.28725961538461536 0.11778846153846154 0.08413461538461539
0 0.33413461538461536 0.19230769230769232 0.10576923076923077 0.09134615384615384
