0 0.6358173076923077 0.3389423076923077 0.21634615384615385 0.19951923076923078
0 0.4266826923076923 0.35216346153846156 0.1778846153846154 0.2668269230769231
0 0.2644230769230769 0.39663461538461536 0.1875 0.19230769230769232
0 0.7043269230769231 0.4951923076923077 0.16826923076923078 0.2091346153846154
0 0.8810096153846154 0.5396634615384616 0.23317307692307693 0.2620192307692308
0 0.4831730769230769 0.5228365384615384 0.7596153846153846 0.78125
0 0.5132211538461539 0.578125 0.18269230769230768 0.2620192307692308
0 0.16105769230769232 0.5805288461538461 0.1778846153846154 0.3317307692307692
0 0.3076923076923077 0.6598557692307693 0.2403846153846154 0.3293269230769231
0 0.5324519230769231 0.7752403846153846 0.27884615384615385 0.3076923076923077
0 0.796875 0.8894230769230769 0.29086538461538464 0.21634615384615385
0 0.27163461538461536 0.08653846153846154 0.16826923076923078 0.17307692307692307
0 0.171875 0.078125 0.10336538461538461 0.10817307692307693
0 0.8052884615384616 0.22235576923076922 0.1466346153846154 0.15625
0 0.4891826923076923 0.18870192307692307 0.2091346153846154 0.2091346153846154
0 0.11538461538461539 0.14783653846153846 0.17307692307692307 0.25240384615384615
0 0.32091346153846156 0.21394230769230768 0.17067307692307693 0.21394230769230768
0 0.19951923076923078 0.25600961538461536 0.11538461538461539 0.18269230769230768
