0 0.2692307692307692 0.6694711538461539 0.05048076923076923 0.06009615384615385
0 0.3269230769230769 0.6947115384615384 0.1778846153846154 0.16826923076923078
0 0.31971153846153844 0.6887019230769231 0.10336538461538461 0.11538461538461539
0 0.3737980769230769 0.6899038461538461 0.057692307692307696 0.08653846153846154
0 0.296875 0.4230769230769231 0.07211538461538461 0.06971153846153846
0 0.5625 0.5072115384615384 0.10817307692307693 0.1346153846153846
0 0.49278846153846156 0.43990384615384615 0.055288461538461536 0.0673076923076923
0 0.6021634615384616 0.4831730769230769 0.08413461538461539 0.09375
0 0.5480769230769231 0.4543269230769231 0.07932692307692307 0.0889423076923077
0 0.4951923076923077 0.41947115384615385 0.10336538461538461 0.11778846153846154
0 0.6141826923076923 0.47115384615384615 0.04326923076923077 0.05048076923076923
0 0.45552884615384615 0.3161057692307692 0.06971153846153846 0.07211538461538461
0 0.7211538461538461 0.4254807692307692 0.14182692307692307 0.18509615384615385
0 0.5492788461538461 0.34134615384615385 0.06009615384615385 0.057692307692307696
0 0.41586538461538464 0.2704326923076923 0.07692307692307693 0.11778846153846154
0 0.5120192307692307 0.2512019230769231 0.12980769230769232 0.15384615384615385
0 0.49399038461538464 0.21875 0.28365384615384615 0.3701923076923077
