0 0.7055288461538461 0.7319711538461539 0.21875 0.35096153846153844
0 0.3161057692307692 0.7728365384615384 0.057692307692307696 0.06009615384615385
0 0.5997596153846154 0.7788461538461539 0.14423076923076922 0.29086538461538464
0 0.3233173076923077 0.7872596153846154 0.11057692307692307 0.0889423076923077
0 0.7367788461538461 0.7956730769230769 0.15625 0.24759615384615385
0 0.8293269230769231 0.8064903846153846 0.08173076923076923 0.16826923076923078
0 0.2848557692307692 0.8173076923076923 0.08413461538461539 0.06009615384615385
0 0.49759615384615385 0.8221153846153846 0.057692307692307696 0.10336538461538461
0 0.5600961538461539 0.234375 0.10096153846153846 0.0985576923076923
0 0.46875 0.2512019230769231 0.06490384615384616 0.0985576923076923
0 0.5216346153846154 0.28966346153846156 0.2668269230769231 0.18509615384615385
0 0.3004807692307692 0.3137019230769231 0.19230769230769232 0.17067307692307693
0 0.33052884615384615 0.3173076923076923 0.08173076923076923 0.0889423076923077
0 0.25961538461538464 0.34375 0.06009615384615385 0.11057692307692307
0 0.6394230769230769 0.3473557692307692 0.036057692307692304 0.08173076923076923
0 0.43509615384615385 0.34975961538461536 0.026442307692307692 0.055288461538461536
0 0.546875 0.35216346153846156 0.10576923076923077 0.08173076923076923
0 0.25841346153846156 0.35216346153846156 0.07451923076923077 0.09134615384615384
0 0.3269230769230769 0.4338942307692308 0.05048076923076923 0.09375
0 0.5817307692307693 0.45072115384615385 0.06490384615384616 0.10336538461538461
