0 0.3425480769230769 0.703125 0.07692307692307693 0.125
0 0.47475961538461536 0.7620192307692307 0.09134615384615384 0.1201923076923077
0 0.3942307692307692 0.8233173076923077 0.04567307692307692 0.07451923076923077
0 0.4326923076923077 0.8185096153846154 0.3798076923076923 0.3581730769230769
0 0.5733173076923077 0.8209134615384616 0.07211538461538461 0.125
0 0.7307692307692307 0.8040865384615384 0.2668269230769231 0.3557692307692308
0 0.7956730769230769 0.8040865384615384 0.0985576923076923 0.15144230769230768
0 0.6069711538461539 0.9266826923076923 0.1466346153846154 0.1201923076923077
0 0.3088942307692308 0.9771634615384616 0.13701923076923078 0.040865384615384616
0 0.5612980769230769 0.42427884615384615 0.09134615384615384 0.08413461538461539
