0 0.6454326923076923 0.4807692307692308 0.06971153846153846 0.09375
0 0.296875 0.7043269230769231 0.0625 0.052884615384615384
0 0.35096153846153844 0.7139423076923077 0.08173076923076923 0.10576923076923077
0 0.4891826923076923 0.71875 0.09615384615384616 0.0985576923076923
0 0.36778846153846156 0.7728365384615384 0.052884615384615384 0.02403846153846154
0 0.5649038461538461 0.8088942307692307 0.05048076923076923 0.08653846153846154
0 0.39663461538461536 0.8269230769230769 0.03365384615384615 0.06490384615384616
0 0.4735576923076923 0.8317307692307693 0.03365384615384615 0.0673076923076923
0 0.4963942307692308 0.8713942307692307 0.18028846153846154 0.22115384615384615
0 0.46634615384615385 0.8786057692307693 0.0625 0.10096153846153846
0 0.7391826923076923 0.8882211538461539 0.13942307692307693 0.2091346153846154
0 0.71875 0.8978365384615384 0.04807692307692308 0.07211538461538461
0 0.546875 0.9338942307692307 0.14423076923076922 0.0673076923076923
0 0.6502403846153846 0.953125 0.04567307692307692 0.057692307692307696
