0 0.6935096153846154 0.15985576923076922 0.06971153846153846 0.07692307692307693
0 0.5925480769230769 0.18870192307692307 0.10576923076923077 0.06009615384615385
0 0.3076923076923077 0.23677884615384615 0.038461538461538464 0.08413461538461539
0 0.3557692307692308 0.3016826923076923 0.028846153846153848 0.07932692307692307
0 0.16105769230769232 0.3076923076923077 0.07451923076923077 0.1778846153846154
0 0.3918269230769231 0.3233173076923077 0.036057692307692304 0.10576923076923077
0 0.43149038461538464 0.38461538461538464 0.08653846153846154 0.21153846153846154
0 0.25841346153846156 0.3894230769230769 0.07451923076923077 0.14903846153846154
0 0.35336538461538464 0.040865384615384616 0.07451923076923077 0.08173076923076923
0 0.125 0.41466346153846156 0.08653846153846154 0.17307692307692307
0 0.04447115384615385 0.4375 0.026442307692307692 0.05048076923076923
0 0.7680288461538461 0.5108173076923077 0.09375 0.16826923076923078
0 0.8665865384615384 0.5216346153846154 0.1466346153846154 0.21634615384615385
0 0.47716346153846156 0.5300480769230769 0.09375 0.1875
0 0.15985576923076922 0.5432692307692307 0.28125 0.7139423076923077
0 0.20793269230769232 0.5492788461538461 0.07692307692307693 0.17307692307692307
0 0.5901442307692307 0.057692307692307696 0.09615384615384616 0.11538461538461539
0 0.06490384615384616 0.6081730769230769 0.0625 0.22115384615384615
0 0.15264423076923078 0.6081730769230769 0.03365384615384615 0.13221153846153846
0 0.4675480769230769 0.6574519230769231 0.15865384615384615 0.17548076923076922
0 0.6177884615384616 0.6838942307692307 0.1875 0.3605769230769231
0 0.7596153846153846 0.7115384615384616 0.11057692307692307 0.22596153846153846
0 0.8641826923076923 0.7115384615384616 0.2692307692307692 0.5745192307692307
0 0.39783653846153844 0.07932692307692307 0.11057692307692307 0.12740384615384615
0 0.47716346153846156 0.8125 0.11298076923076923 0.3076923076923077
0 0.5769230769230769 0.8221153846153846 0.18509615384615385 0.25721153846153844
0 0.7872596153846154 0.8413461538461539 0.19471153846153846 0.2764423076923077
0 0.14903846153846154 0.8521634615384616 0.09615384615384616 0.1658653846153846
0 0.5384615384615384 0.08533653846153846 0.09615384615384616 0.13942307692307693
0 0.3605769230769231 0.859375 0.16346153846153846 0.27884615384615385
0 0.24519230769230768 0.890625 0.07692307692307693 0.1875
0 0.6622596153846154 0.9254807692307693 0.17307692307692307 0.1466346153846154
0 0.30649038461538464 0.09495192307692307 0.0673076923076923 0.11778846153846154
0 0.33413461538461536 0.1310096153846154 0.057692307692307696 0.07451923076923077
0 0.4495192307692308 0.13701923076923078 0.08413461538461539 0.0985576923076923
