0 0.4651442307692308 0.578125 0.07932692307692307 0.07692307692307693
0 0.4074519230769231 0.5901442307692307 0.07932692307692307 0.06971153846153846
0 0.41586538461538464 0.5697115384615384 0.25240384615384615 0.1658653846153846
0 0.5036057692307693 0.5372596153846154 0.06971153846153846 0.05048076923076923
0 0.36177884615384615 0.5540865384615384 0.07932692307692307 0.07692307692307693
0 0.41466346153846156 0.5360576923076923 0.06490384615384616 0.04807692307692308
0 0.4567307692307692 0.5204326923076923 0.03125 0.036057692307692304
0 0.3125 0.5552884615384616 0.040865384615384616 0.038461538461538464
0 0.27524038461538464 0.375 0.11298076923076923 0.11298076923076923
0 0.17908653846153846 0.31850961538461536 0.11057692307692307 0.1346153846153846
0 0.5060096153846154 0.21754807692307693 0.2932692307692308 0.28846153846153844
0 0.27884615384615385 0.28125 0.0889423076923077 0.09134615384615384
0 0.11298076923076923 0.2932692307692308 0.08173076923076923 0.11057692307692307
0 0.5120192307692307 0.16706730769230768 0.40384615384615385 0.33413461538461536
0 0.6225961538461539 0.11057692307692307 0.14423076923076922 0.19471153846153846
0 0.515625 0.140625 0.12740384615384615 0.13942307692307693
0 0.21754807692307693 0.21634615384615385 0.15865384615384615 0.19230769230769232
0 0.3485576923076923 0.1658653846153846 0.1201923076923077 0.18990384615384615
0 0.040865384615384616 0.24879807692307693 0.06009615384615385 0.07692307692307693
0 0.13701923076923078 0.21394230769230768 0.13221153846153846 0.16826923076923078
0 0.234375 0.18389423076923078 0.3125 0.28846153846153844
0 0.29447115384615385 0.15384615384615385 0.09615384615384616 0.0889423076923077
0 0.44471153846153844 0.0829326923076923 0.057692307692307696 0.04567307692307692
0 0.2776442307692308 0.0829326923076923 0.06009615384615385 0.07932692307692307
