0 0.38341346153846156 0.3918269230769231 0.16105769230769232 0.19951923076923078
0 0.5300480769230769 0.328125 0.22355769230769232 0.27163461538461536
0 0.41586538461538464 0.34615384615384615 0.17307692307692307 0.17548076923076922
0 0.31009615384615385 0.33533653846153844 0.18269230769230768 0.21394230769230768
0 0.21875 0.3317307692307692 0.4375 0.5528846153846154
0 0.06490384615384616 0.31850961538461536 0.12980769230769232 0.2091346153846154
0 0.23918269230769232 0.1935096153846154 0.28125 0.25240384615384615
0 0.5072115384615384 0.7451923076923077 0.1201923076923077 0.10336538461538461
0 0.4675480769230769 0.6838942307692307 0.12980769230769232 0.13221153846153846
0 0.265625 0.7427884615384616 0.08653846153846154 0.11538461538461539
0 0.4254807692307692 0.6009615384615384 0.14903846153846154 0.15865384615384615
0 0.13942307692307693 0.6598557692307693 0.21875 0.20673076923076922
