0 0.6538461538461539 0.30408653846153844 0.10336538461538461 0.10576923076923077
0 0.5925480769230769 0.2776442307692308 0.2091346153846154 0.1778846153846154
0 0.5697115384615384 0.28365384615384615 0.11298076923076923 0.10096153846153846
0 0.6466346153846154 0.6286057692307693 0.16826923076923078 0.18509615384615385
0 0.19110576923076922 0.48197115384615385 0.3798076923076923 0.35336538461538464
0 0.23197115384615385 0.5360576923076923 0.3605769230769231 0.40625
0 0.6742788461538461 0.7824519230769231 0.08173076923076923 0.08173076923076923
0 0.3425480769230769 0.6430288461538461 0.3269230769230769 0.25721153846153844
0 0.6502403846153846 0.8569711538461539 0.1201923076923077 0.10336538461538461
0 0.4543269230769231 0.8088942307692307 0.4014423076923077 0.3269230769230769
0 0.4254807692307692 0.7956730769230769 0.6538461538461539 0.40384615384615385
