0 0.45552884615384615 0.8353365384615384 0.07932692307692307 0.08413461538461539
0 0.5336538461538461 0.8365384615384616 0.055288461538461536 0.0673076923076923
0 0.3894230769230769 0.8173076923076923 0.04326923076923077 0.14182692307692307
0 0.49278846153846156 0.8257211538461539 0.15865384615384615 0.1466346153846154
0 0.4723557692307692 0.8100961538461539 0.04567307692307692 0.07211538461538461
0 0.39302884615384615 0.5180288461538461 0.07211538461538461 0.057692307692307696
0 0.6658653846153846 0.4723557692307692 0.10096153846153846 0.1201923076923077
0 0.8401442307692307 0.46153846153846156 0.06971153846153846 0.11778846153846154
0 0.7151442307692307 0.3317307692307692 0.06971153846153846 0.0673076923076923
0 0.6177884615384616 0.3004807692307692 0.07451923076923077 0.07451923076923077
0 0.4951923076923077 0.2439903846153846 0.21394230769230768 0.19230769230769232
0 0.6887019230769231 0.1814903846153846 0.04326923076923077 0.0673076923076923
0 0.20432692307692307 0.030048076923076924 0.07211538461538461 0.06009615384615385
