0 0.49759615384615385 0.7079326923076923 0.4230769230769231 0.5432692307692307
0 0.8461538461538461 0.7451923076923077 0.10096153846153846 0.16105769230769232
0 0.7848557692307693 0.7487980769230769 0.06971153846153846 0.16826923076923078
0 0.48197115384615385 0.8149038461538461 0.13221153846153846 0.11538461538461539
0 0.5949519230769231 0.8858173076923077 0.13701923076923078 0.20192307692307693
0 0.5901442307692307 0.3425480769230769 0.04807692307692308 0.07451923076923077
0 0.6442307692307693 0.453125 0.11538461538461539 0.19471153846153846
0 0.5012019230769231 0.46634615384615385 0.06490384615384616 0.12740384615384615
0 0.7247596153846154 0.5709134615384616 0.07932692307692307 0.16105769230769232
0 0.4326923076923077 0.5841346153846154 0.0673076923076923 0.17548076923076922
0 0.7944711538461539 0.6045673076923077 0.24519230769230768 0.4567307692307692
0 0.6574519230769231 0.6237980769230769 0.10576923076923077 0.17548076923076922
