0 0.6706730769230769 0.5168269230769231 0.12740384615384615 0.13221153846153846
0 0.3401442307692308 0.41346153846153844 0.15144230769230768 0.15384615384615385
0 0.734375 0.515625 0.09134615384615384 0.11298076923076923
0 0.8088942307692307 0.46033653846153844 0.08173076923076923 0.09615384615384616
0 0.5973557692307693 0.39302884615384615 0.15144230769230768 0.22115384615384615
0 0.6983173076923077 0.41466346153846156 0.10336538461538461 0.1201923076923077
0 0.3713942307692308 0.2608173076923077 0.2620192307692308 0.3389423076923077
0 0.9338942307692307 0.41346153846153844 0.08653846153846154 0.07451923076923077
0 0.8461538461538461 0.3798076923076923 0.10817307692307693 0.11298076923076923
0 0.5252403846153846 0.27884615384615385 0.19230769230769232 0.2764423076923077
0 0.7584134615384616 0.33413461538461536 0.13221153846153846 0.125
0 0.8449519230769231 0.2668269230769231 0.055288461538461536 0.07932692307692307
0 0.48677884615384615 0.13221153846153846 0.0889423076923077 0.14903846153846154
0 0.6911057692307693 0.17908653846153846 0.32211538461538464 0.3004807692307692
0 0.14783653846153846 0.8016826923076923 0.16346153846153846 0.18509615384615385
0 0.2403846153846154 0.8064903846153846 0.08653846153846154 0.07451923076923077
0 0.3245192307692308 0.7908653846153846 0.06490384615384616 0.08173076923076923
0 0.2608173076923077 0.7608173076923077 0.1201923076923077 0.09134615384615384
0 0.44471153846153844 0.5180288461538461 0.17307692307692307 0.17307692307692307
0 0.5637019230769231 0.53125 0.09375 0.11778846153846154
0 0.4699519230769231 0.47716346153846156 0.15144230769230768 0.15865384615384615
