0 0.5480769230769231 0.13942307692307693 0.19230769230769232 0.16346153846153846
0 0.6826923076923077 0.23677884615384615 0.12259615384615384 0.11778846153846154
0 0.8305288461538461 0.35697115384615385 0.07932692307692307 0.07451923076923077
0 0.49759615384615385 0.2283653846153846 0.13942307692307693 0.1875
0 0.390625 0.18990384615384615 0.1778846153846154 0.25240384615384615
0 0.7103365384615384 0.3473557692307692 0.21875 0.22115384615384615
0 0.4831730769230769 0.39903846153846156 0.5480769230769231 0.5697115384615384
0 0.6550480769230769 0.4987980769230769 0.34615384615384615 0.24278846153846154
0 0.6298076923076923 0.5024038461538461 0.29086538461538464 0.29086538461538464
0 0.484375 0.5625 0.2956730769230769 0.32211538461538464
0 0.09615384615384616 0.5276442307692307 0.19230769230769232 0.19951923076923078
0 0.6959134615384616 0.8353365384615384 0.1466346153846154 0.125
0 0.5733173076923077 0.8100961538461539 0.16346153846153846 0.14182692307692307
