0 0.33774038461538464 0.1658653846153846 0.2283653846153846 0.3317307692307692
0 0.5528846153846154 0.7259615384615384 0.07211538461538461 0.08653846153846154
0 0.7451923076923077 0.6862980769230769 0.05048076923076923 0.08653846153846154
0 0.6538461538461539 0.6382211538461539 0.08653846153846154 0.15144230769230768
0 0.6622596153846154 0.625 0.08173076923076923 0.1466346153846154
0 0.8293269230769231 0.6442307692307693 0.3245192307692308 0.33653846153846156
0 0.8149038461538461 0.6310096153846154 0.08653846153846154 0.10817307692307693
0 0.7199519230769231 0.5588942307692307 0.39663461538461536 0.3485576923076923
0 0.6237980769230769 0.49278846153846156 0.4639423076923077 0.5576923076923077
0 0.390625 0.41346153846153844 0.15865384615384615 0.16105769230769232
0 0.8810096153846154 0.32572115384615385 0.23317307692307693 0.3245192307692308
0 0.5913461538461539 0.22235576923076922 0.6346153846153846 0.44471153846153844
