0 0.3545673076923077 0.1971153846153846 0.12980769230769232 0.11057692307692307
0 0.41466346153846156 0.21995192307692307 0.4423076923076923 0.21153846153846154
0 0.4855769230769231 0.24278846153846154 0.12740384615384615 0.14182692307692307
0 0.5012019230769231 0.2956730769230769 0.07451923076923077 0.07451923076923077
0 0.5516826923076923 0.3401442307692308 0.057692307692307696 0.13942307692307693
0 0.5540865384615384 0.34375 0.055288461538461536 0.13221153846153846
0 0.5673076923076923 0.48677884615384615 0.07692307692307693 0.11057692307692307
0 0.43509615384615385 0.5 0.16346153846153846 0.1658653846153846
0 0.6442307692307693 0.5036057692307693 0.04326923076923077 0.06490384615384616
0 0.12620192307692307 0.5480769230769231 0.04807692307692308 0.055288461538461536
0 0.2920673076923077 0.5637019230769231 0.11057692307692307 0.16826923076923078
0 0.7307692307692307 0.5492788461538461 0.10096153846153846 0.18028846153846154
0 0.8076923076923077 0.5805288461538461 0.15625 0.14423076923076922
0 0.1658653846153846 0.6310096153846154 0.1346153846153846 0.16105769230769232
0 0.09254807692307693 0.6454326923076923 0.11298076923076923 0.06971153846153846
0 0.7824519230769231 0.7620192307692307 0.43028846153846156 0.3798076923076923
0 0.8221153846153846 0.7680288461538461 0.14182692307692307 0.19951923076923078
0 0.18509615384615385 0.8040865384615384 0.11298076923076923 0.15144230769230768
0 0.28365384615384615 0.8064903846153846 0.07692307692307693 0.16346153846153846
0 0.8173076923076923 0.8016826923076923 0.3605769230769231 0.3389423076923077
0 0.40625 0.8461538461538461 0.20432692307692307 0.18990384615384615
0 0.9615384615384616 0.9014423076923077 0.07211538461538461 0.14423076923076922
