0 0.7956730769230769 0.625 0.0985576923076923 0.11778846153846154
0 0.671875 0.6622596153846154 0.06009615384615385 0.08653846153846154
0 0.6418269230769231 0.671875 0.05048076923076923 0.08653846153846154
0 0.5480769230769231 0.6923076923076923 0.08173076923076923 0.08173076923076923
0 0.5096153846153846 0.6935096153846154 0.1971153846153846 0.15144230769230768
0 0.7451923076923077 0.609375 0.19951923076923078 0.16105769230769232
0 0.5673076923076923 0.6634615384615384 0.07211538461538461 0.07932692307692307
0 0.49759615384615385 0.6802884615384616 0.07932692307692307 0.07692307692307693
0 0.44350961538461536 0.6959134615384616 0.06971153846153846 0.07692307692307693
0 0.5288461538461539 0.6177884615384616 0.055288461538461536 0.08413461538461539
0 0.5552884615384616 0.47836538461538464 0.08653846153846154 0.1346153846153846
0 0.8293269230769231 0.3485576923076923 0.2548076923076923 0.375
0 0.8509615384615384 0.2860576923076923 0.09615384615384616 0.12740384615384615
0 0.2776442307692308 0.4639423076923077 0.1875 0.23798076923076922
0 0.25841346153846156 0.4338942307692308 0.12740384615384615 0.15625
0 0.6069711538461539 0.2932692307692308 0.1971153846153846 0.1778846153846154
0 0.6153846153846154 0.2608173076923077 0.10817307692307693 0.11057692307692307
0 0.5817307692307693 0.7451923076923077 0.04567307692307692 0.06009615384615385
