0 0.11538461538461539 0.4362980769230769 0.16105769230769232 0.15144230769230768
0 0.47716346153846156 0.5709134615384616 0.125 0.13221153846153846
0 0.8040865384615384 0.6814903846153846 0.16346153846153846 0.16105769230769232
0 0.2620192307692308 0.6213942307692307 0.18509615384615385 0.2283653846153846
0 0.6466346153846154 0.7668269230769231 0.1875 0.2956730769230769
0 0.09495192307692307 0.5829326923076923 0.18990384615384615 0.18990384615384615
0 0.4651442307692308 0.7211538461538461 0.19951923076923078 0.19471153846153846
0 0.8617788461538461 0.8413461538461539 0.18509615384615385 0.3125
0 0.7536057692307693 0.8677884615384616 0.1658653846153846 0.25240384615384615
0 0.7391826923076923 0.3629807692307692 0.06971153846153846 0.09134615384615384
0 0.17427884615384615 0.20072115384615385 0.18028846153846154 0.12740384615384615
0 0.43028846153846156 0.29086538461538464 0.21875 0.1658653846153846
0 0.41225961538461536 0.28966346153846156 0.07932692307692307 0.08413461538461539
0 0.7536057692307693 0.40625 0.24759615384615385 0.17548076923076922
0 0.20192307692307693 0.22716346153846154 0.04567307692307692 0.055288461538461536
0 0.13581730769230768 0.2091346153846154 0.057692307692307696 0.06490384615384616
0 0.7620192307692307 0.4254807692307692 0.10576923076923077 0.10096153846153846
0 0.6862980769230769 0.4098557692307692 0.09375 0.11298076923076923
0 0.48677884615384615 0.4735576923076923 0.1201923076923077 0.18509615384615385
