0 0.6682692307692307 0.7824519230769231 0.09375 0.125
0 0.7067307692307693 0.7427884615384616 0.43990384615384615 0.23557692307692307
0 0.78125 0.71875 0.14903846153846154 0.09134615384615384
0 0.5985576923076923 0.7331730769230769 0.14903846153846154 0.09134615384615384
0 0.5637019230769231 0.5913461538461539 0.10096153846153846 0.10576923076923077
0 0.5733173076923077 0.5432692307692307 0.15144230769230768 0.16346153846153846
0 0.5949519230769231 0.5288461538461539 0.11538461538461539 0.13942307692307693
0 0.6189903846153846 0.43990384615384615 0.10576923076923077 0.0625
0 0.7139423076923077 0.4110576923076923 0.10576923076923077 0.12740384615384615
0 0.6358173076923077 0.4254807692307692 0.21875 0.14423076923076922
0 0.12740384615384615 0.4495192307692308 0.2548076923076923 0.30288461538461536
0 0.27524038461538464 0.4098557692307692 0.5504807692307693 0.6274038461538461
0 0.4326923076923077 0.35216346153846156 0.2283653846153846 0.25721153846153844
0 0.7283653846153846 0.25721153846153844 0.25721153846153844 0.2283653846153846
0 0.38221153846153844 0.15264423076923078 0.27403846153846156 0.22355769230769232
0 0.7427884615384616 0.08774038461538461 0.20192307692307693 0.17548076923076922
0 0.06129807692307692 0.21875 0.12259615384615384 0.1778846153846154
