0 0.4567307692307692 0.6153846153846154 0.09615384615384616 0.12740384615384615
0 0.8365384615384616 0.7620192307692307 0.15865384615384615 0.1346153846153846
0 0.3762019230769231 0.6286057692307693 0.0985576923076923 0.11778846153846154
0 0.02403846153846154 0.5024038461538461 0.04807692307692308 0.10096153846153846
0 0.5817307692307693 0.7379807692307693 0.14423076923076922 0.15865384615384615
0 0.140625 0.5877403846153846 0.07451923076923077 0.07932692307692307
0 0.2548076923076923 0.6454326923076923 0.11538461538461539 0.12980769230769232
0 0.47115384615384615 0.7403846153846154 0.13701923076923078 0.15144230769230768
0 0.8341346153846154 0.3173076923076923 0.10817307692307693 0.10576923076923077
0 0.8088942307692307 0.34615384615384615 0.23317307692307693 0.23076923076923078
0 0.7560096153846154 0.3485576923076923 0.09134615384615384 0.11538461538461539
0 0.8125 0.38221153846153844 0.09615384615384616 0.10817307692307693
