0 0.65625 0.22355769230769232 0.22115384615384615 0.2620192307692308
0 0.7728365384615384 0.12379807692307693 0.18509615384615385 0.2091346153846154
0 0.3233173076923077 0.3317307692307692 0.6466346153846154 0.6634615384615384
0 0.7079326923076923 0.1935096153846154 0.46875 0.3870192307692308
0 0.4014423076923077 0.21754807692307693 0.27163461538461536 0.31490384615384615
0 0.7620192307692307 0.06490384615384616 0.20673076923076922 0.12980769230769232
0 0.10096153846153846 0.30408653846153844 0.20192307692307693 0.3293269230769231
0 0.6021634615384616 0.09375 0.20432692307692307 0.1875
0 0.21394230769230768 0.203125 0.20673076923076922 0.2548076923076923
0 0.4891826923076923 0.9242788461538461 0.15625 0.1466346153846154
0 0.6442307692307693 0.8377403846153846 0.5480769230769231 0.31971153846153844
0 0.6045673076923077 0.8641826923076923 0.13701923076923078 0.18990384615384615
0 0.7740384615384616 0.7620192307692307 0.23076923076923078 0.23557692307692307
