0 0.4230769230769231 0.39302884615384615 0.10096153846153846 0.07211538461538461
0 0.4723557692307692 0.39302884615384615 0.10096153846153846 0.07692307692307693
0 0.3641826923076923 0.44711538461538464 0.0625 0.052884615384615384
0 0.44471153846153844 0.4254807692307692 0.1466346153846154 0.1466346153846154
0 0.5625 0.39783653846153844 0.1778846153846154 0.13942307692307693
0 0.5625 0.4254807692307692 0.08173076923076923 0.06490384615384616
0 0.49158653846153844 0.45913461538461536 0.4110576923076923 0.34615384615384615
0 0.37740384615384615 0.5252403846153846 0.15625 0.1466346153846154
0 0.5192307692307693 0.5072115384615384 0.11298076923076923 0.10096153846153846
0 0.6262019230769231 0.48197115384615385 0.12259615384615384 0.125
0 0.3918269230769231 0.6694711538461539 0.07692307692307693 0.0673076923076923
0 0.40865384615384615 0.7247596153846154 0.17548076923076922 0.20432692307692307
0 0.43028846153846156 0.7223557692307693 0.0985576923076923 0.11057692307692307
0 0.7427884615384616 0.5853365384615384 0.17548076923076922 0.13221153846153846
0 0.7884615384615384 0.59375 0.17548076923076922 0.15384615384615385
0 0.24278846153846154 0.8413461538461539 0.0889423076923077 0.07692307692307693
0 0.6826923076923077 0.6899038461538461 0.1466346153846154 0.10096153846153846
0 0.5240384615384616 0.765625 0.10576923076923077 0.08413461538461539
0 0.8040865384615384 0.6430288461538461 0.07692307692307693 0.07932692307692307
0 0.640625 0.7872596153846154 0.17307692307692307 0.11298076923076923
0 0.9495192307692307 0.6454326923076923 0.09615384615384616 0.12740384615384615
0 0.2932692307692308 0.9435096153846154 0.14423076923076922 0.10817307692307693
