0 0.3858173076923077 0.6838942307692307 0.12740384615384615 0.09615384615384616
0 0.19951923076923078 0.484375 0.16826923076923078 0.12259615384615384
0 0.5757211538461539 0.28725961538461536 0.10576923076923077 0.12740384615384615
0 0.07932692307692307 0.4699519230769231 0.09134615384615384 0.09615384615384616
0 0.39302884615384615 0.32572115384615385 0.3317307692307692 0.25
0 0.6334134615384616 0.20793269230769232 0.11057692307692307 0.12740384615384615
0 0.1346153846153846 0.3894230769230769 0.09134615384615384 0.10576923076923077
0 0.5745192307692307 0.18028846153846154 0.10576923076923077 0.12259615384615384
0 0.6899038461538461 0.11057692307692307 0.15384615384615385 0.18028846153846154
0 0.40865384615384615 0.20673076923076922 0.20192307692307693 0.19230769230769232
0 0.46634615384615385 0.08052884615384616 0.14903846153846154 0.16105769230769232
