0 0.49399038461538464 0.6418269230769231 0.15865384615384615 0.19951923076923078
0 0.29447115384615385 0.6935096153846154 0.17307692307692307 0.21153846153846154
0 0.41346153846153844 0.6286057692307693 0.24519230769230768 0.25240384615384615
0 0.6742788461538461 0.5552884615384616 0.18028846153846154 0.21153846153846154
0 0.34134615384615385 0.6117788461538461 0.1466346153846154 0.18509615384615385
0 0.6646634615384616 0.4807692307692308 0.21153846153846154 0.19471153846153846
0 0.8028846153846154 0.36778846153846156 0.25 0.12980769230769232
0 0.3545673076923077 0.4495192307692308 0.15625 0.1875
0 0.5853365384615384 0.35336538461538464 0.21875 0.19230769230769232
0 0.2932692307692308 0.3858173076923077 0.17067307692307693 0.21153846153846154
0 0.7608173076923077 0.21394230769230768 0.1658653846153846 0.1875
0 0.4266826923076923 0.1971153846153846 0.24519230769230768 0.31490384615384615
0 0.17668269230769232 0.23197115384615385 0.21634615384615385 0.33653846153846156
0 0.7716346153846154 0.09495192307692307 0.2403846153846154 0.18990384615384615
0 0.030048076923076924 0.23677884615384615 0.06009615384615385 0.23798076923076922
0 0.04447115384615385 0.22235576923076922 0.0889423076923077 0.2283653846153846
0 0.44711538461538464 0.09254807692307693 0.2692307692307692 0.18509615384615385
