0 0.2920673076923077 0.18509615384615385 0.028846153846153848 0.10817307692307693
0 0.19110576923076922 0.19110576923076922 0.09375 0.13221153846153846
0 0.33533653846153844 0.20432692307692307 0.0889423076923077 0.10817307692307693
0 0.2403846153846154 0.23317307692307693 0.08173076923076923 0.15625
0 0.15264423076923078 0.28725961538461536 0.18509615384615385 0.1201923076923077
0 0.3269230769230769 0.28125 0.09375 0.08653846153846154
0 0.41947115384615385 0.27884615384615385 0.052884615384615384 0.08653846153846154
0 0.4495192307692308 0.2920673076923077 0.052884615384615384 0.08173076923076923
0 0.2247596153846154 0.3737980769230769 0.0889423076923077 0.0985576923076923
0 0.49759615384615385 0.41466346153846156 0.09375 0.21394230769230768
0 0.09735576923076923 0.8125 0.0889423076923077 0.17067307692307693
0 0.2620192307692308 0.8088942307692307 0.12980769230769232 0.27403846153846156
0 0.0829326923076923 0.8449519230769231 0.14182692307692307 0.30528846153846156
0 0.4170673076923077 0.8497596153846154 0.1201923076923077 0.13701923076923078
0 0.08413461538461539 0.9134615384615384 0.06490384615384616 0.1201923076923077
0 0.34615384615384615 0.9122596153846154 0.0673076923076923 0.1346153846153846
0 0.49278846153846156 0.921875 0.08653846153846154 0.07692307692307693
0 0.16105769230769232 0.9519230769230769 0.07451923076923077 0.0625
0 0.4495192307692308 0.9387019230769231 0.055288461538461536 0.07451923076923077
0 0.25961538461538464 0.9519230769230769 0.09134615384615384 0.09134615384615384
0 0.07692307692307693 0.9651442307692307 0.07211538461538461 0.06490384615384616
0 0.3918269230769231 0.9567307692307693 0.09134615384615384 0.08173076923076923
