0 0.859375 0.3762019230769231 0.1466346153846154 0.15625
0 0.140625 0.7800480769230769 0.0985576923076923 0.10817307692307693
0 0.27524038461538464 0.7127403846153846 0.15144230769230768 0.18509615384615385
0 0.7247596153846154 0.47596153846153844 0.20432692307692307 0.22596153846153846
0 0.38822115384615385 0.6814903846153846 0.17548076923076922 0.18509615384615385
0 0.41586538461538464 0.6911057692307693 0.2091346153846154 0.22115384615384615
0 0.5192307692307693 0.5889423076923077 0.9567307692307693 0.8173076923076923
0 0.24519230769230768 0.8641826923076923 0.14423076923076922 0.14423076923076922
0 0.8509615384615384 0.5528846153846154 0.2932692307692308 0.4375
0 0.3641826923076923 0.8617788461538461 0.10817307692307693 0.12259615384615384
0 0.4266826923076923 0.109375 0.30528846153846156 0.21875
0 0.37740384615384615 0.109375 0.18509615384615385 0.21634615384615385
0 0.46153846153846156 0.08774038461538461 0.1778846153846154 0.17548076923076922
0 0.3545673076923077 0.21634615384615385 0.125 0.16346153846153846
0 0.2800480769230769 0.29447115384615385 0.11057692307692307 0.12740384615384615
0 0.21153846153846154 0.34975961538461536 0.07211538461538461 0.07692307692307693
0 0.33533653846153844 0.31490384615384615 0.18509615384615385 0.24278846153846154
0 0.6262019230769231 0.3173076923076923 0.23317307692307693 0.23076923076923078
0 0.1622596153846154 0.6838942307692307 0.12980769230769232 0.14903846153846154
0 0.5348557692307693 0.4807692307692308 0.28125 0.28365384615384615
0 0.33653846153846156 0.5997596153846154 0.10096153846153846 0.09375
