0 0.2776442307692308 0.4423076923076923 0.2283653846153846 0.18028846153846154
0 0.6165865384615384 0.6490384615384616 0.17067307692307693 0.1971153846153846
0 0.7271634615384616 0.7475961538461539 0.08653846153846154 0.11538461538461539
0 0.6694711538461539 0.7259615384615384 0.1658653846153846 0.18269230769230768
0 0.16706730769230768 0.5 0.2644230769230769 0.25
0 0.36538461538461536 0.6262019230769231 0.13701923076923078 0.14423076923076922
0 0.4423076923076923 0.6923076923076923 0.13221153846153846 0.15625
0 0.6682692307692307 0.8245192307692307 0.21153846153846154 0.19951923076923078
0 0.5096153846153846 0.7920673076923077 0.15865384615384615 0.18028846153846154
0 0.3786057692307692 0.7824519230769231 0.27403846153846156 0.23317307692307693
0 0.8858173076923077 0.3161057692307692 0.12259615384615384 0.15865384615384615
0 0.7896634615384616 0.3329326923076923 0.3557692307692308 0.31009615384615385
0 0.75 0.3269230769230769 0.11298076923076923 0.10817307692307693
0 0.8569711538461539 0.4362980769230769 0.11538461538461539 0.11298076923076923
0 0.6370192307692307 0.3473557692307692 0.15865384615384615 0.16105769230769232
0 0.7848557692307693 0.4326923076923077 0.10817307692307693 0.16105769230769232
0 0.5216346153846154 0.47475961538461536 0.17548076923076922 0.1875
