0 0.4338942307692308 0.6430288461538461 0.04567307692307692 0.03365384615384615
0 0.48677884615384615 0.6538461538461539 0.04326923076923077 0.04807692307692308
0 0.30288461538461536 0.5144230769230769 0.10817307692307693 0.09134615384615384
0 0.5024038461538461 0.5901442307692307 0.1346153846153846 0.13221153846153846
0 0.13341346153846154 0.40024038461538464 0.1346153846153846 0.11057692307692307
0 0.2247596153846154 0.4338942307692308 0.14182692307692307 0.10336538461538461
0 0.328125 0.4699519230769231 0.08173076923076923 0.07932692307692307
0 0.3737980769230769 0.4879807692307692 0.09375 0.09375
0 0.5084134615384616 0.4483173076923077 0.12259615384615384 0.12740384615384615
0 0.6310096153846154 0.4987980769230769 0.25721153846153844 0.19230769230769232
0 0.3293269230769231 0.3641826923076923 0.49759615384615385 0.42788461538461536
0 0.24759615384615385 0.2980769230769231 0.1971153846153846 0.18269230769230768
0 0.41466346153846156 0.3581730769230769 0.24278846153846154 0.19951923076923078
0 0.9338942307692307 0.5204326923076923 0.12740384615384615 0.17067307692307693
0 0.8293269230769231 0.45072115384615385 0.19951923076923078 0.19951923076923078
0 0.6802884615384616 0.3641826923076923 0.24519230769230768 0.23076923076923078
0 0.9158653846153846 0.27884615384615385 0.16346153846153846 0.13942307692307693
