0 0.6526442307692307 0.31490384615384615 0.17307692307692307 0.07451923076923077
0 0.8401442307692307 0.31490384615384615 0.17067307692307693 0.08413461538461539
0 0.47475961538461536 0.31971153846153844 0.17307692307692307 0.07692307692307693
0 0.28846153846153844 0.6045673076923077 0.2764423076923077 0.16346153846153846
0 0.9242788461538461 0.6069711538461539 0.14903846153846154 0.22115384615384615
0 0.6466346153846154 0.6370192307692307 0.7043269230769231 0.2620192307692308
0 0.7752403846153846 0.6382211538461539 0.13701923076923078 0.28125
0 0.5673076923076923 0.6538461538461539 0.24519230769230768 0.2956730769230769
0 0.27163461538461536 0.7776442307692307 0.3894230769230769 0.23076923076923078
0 0.11538461538461539 0.9086538461538461 0.19471153846153846 0.18028846153846154
