0 0.6189903846153846 0.3293269230769231 0.2764423076923077 0.19230769230769232
0 0.4567307692307692 0.4266826923076923 0.12740384615384615 0.10576923076923077
0 0.30649038461538464 0.5144230769230769 0.13221153846153846 0.125
0 0.20552884615384615 0.625 0.14903846153846154 0.11298076923076923
0 0.8894230769230769 0.3858173076923077 0.20432692307692307 0.18509615384615385
0 0.3125 0.6706730769230769 0.6201923076923077 0.5360576923076923
0 0.3786057692307692 0.6586538461538461 0.5024038461538461 0.5865384615384616
0 0.7896634615384616 0.5324519230769231 0.2956730769230769 0.2764423076923077
0 0.7403846153846154 0.6201923076923077 0.21153846153846154 0.125
0 0.33774038461538464 0.9014423076923077 0.15865384615384615 0.125
