0 0.12980769230769232 0.5432692307692307 0.1778846153846154 0.06490384615384616
0 0.08653846153846154 0.5552884615384616 0.15865384615384615 0.05048076923076923
0 0.13221153846153846 0.703125 0.22115384615384615 0.13942307692307693
0 0.5661057692307693 0.7139423076923077 0.08653846153846154 0.052884615384615384
0 0.31971153846153844 0.7932692307692307 0.08653846153846154 0.0625
0 0.20432692307692307 0.8076923076923077 0.19230769230769232 0.0673076923076923
0 0.46153846153846156 0.8713942307692307 0.0673076923076923 0.06009615384615385
0 0.27884615384615385 0.9615384615384616 0.0985576923076923 0.05048076923076923
0 0.3557692307692308 0.49158653846153844 0.22355769230769232 0.1201923076923077
0 0.27403846153846156 0.5084134615384616 0.2644230769230769 0.10817307692307693
