0 0.27884615384615385 0.18990384615384615 0.08413461538461539 0.08653846153846154
0 0.703125 0.33533653846153844 0.09134615384615384 0.14423076923076922
0 0.31971153846153844 0.2668269230769231 0.04807692307692308 0.06009615384615385
0 0.9627403846153846 0.46033653846153844 0.06971153846153846 0.22355769230769232
0 0.06370192307692307 0.2800480769230769 0.055288461538461536 0.07451923076923077
0 0.13221153846153846 0.328125 0.15625 0.16346153846153846
0 0.40024038461538464 0.40865384615384615 0.08653846153846154 0.10336538461538461
0 0.18990384615384615 0.3762019230769231 0.16346153846153846 0.22355769230769232
0 0.4411057692307692 0.453125 0.08413461538461539 0.09134615384615384
0 0.43028846153846156 0.49399038461538464 0.1466346153846154 0.1201923076923077
0 0.24158653846153846 0.48197115384615385 0.11298076923076923 0.17307692307692307
0 0.3401442307692308 0.5300480769230769 0.12980769230769232 0.13701923076923078
0 0.5132211538461539 0.052884615384615384 0.0985576923076923 0.10576923076923077
0 0.4074519230769231 0.5865384615384616 0.17548076923076922 0.19230769230769232
0 0.9326923076923077 0.7403846153846154 0.08413461538461539 0.18269230769230768
0 0.4963942307692308 0.6598557692307693 0.15384615384615385 0.1778846153846154
0 0.8377403846153846 0.7956730769230769 0.1658653846153846 0.23798076923076922
0 0.5829326923076923 0.7415865384615384 0.14182692307692307 0.10817307692307693
0 0.2536057692307692 0.6598557692307693 0.14903846153846154 0.18509615384615385
0 0.5036057692307693 0.08774038461538461 0.21875 0.17548076923076922
0 0.390625 0.04447115384615385 0.06490384615384616 0.0889423076923077
0 0.34134615384615385 0.8052884615384616 0.3173076923076923 0.375
0 0.6995192307692307 0.8978365384615384 0.21153846153846154 0.19951923076923078
0 0.5516826923076923 0.8449519230769231 0.27163461538461536 0.30528846153846156
0 0.6730769230769231 0.9663461538461539 0.2403846153846154 0.0625
0 0.6189903846153846 0.14423076923076922 0.25 0.25961538461538464
0 0.49278846153846156 0.12139423076923077 0.06971153846153846 0.08653846153846154
0 0.8581730769230769 0.2283653846153846 0.22115384615384615 0.22596153846153846
0 0.6526442307692307 0.1875 0.16826923076923078 0.23076923076923078
0 0.2764423076923077 0.10096153846153846 0.055288461538461536 0.057692307692307696
0 0.8197115384615384 0.25961538461538464 0.3557692307692308 0.34615384615384615
0 0.3269230769230769 0.13221153846153846 0.07692307692307693 0.0985576923076923
0 0.9014423076923077 0.30288461538461536 0.15865384615384615 0.18509615384615385
0 0.17908653846153846 0.15745192307692307 0.06971153846153846 0.08413461538461539
