0 0.6009615384615384 0.3173076923076923 0.27403846153846156 0.21153846153846154
0 0.4495192307692308 0.43149038461538464 0.12740384615384615 0.11298076923076923
0 0.3088942307692308 0.5348557692307693 0.13701923076923078 0.13221153846153846
0 0.21995192307692307 0.6550480769230769 0.14903846153846154 0.12259615384615384
0 0.875 0.34615384615384615 0.2091346153846154 0.19471153846153846
0 0.3317307692307692 0.6899038461538461 0.6298076923076923 0.5697115384615384
0 0.39663461538461536 0.6706730769230769 0.5336538461538461 0.5961538461538461
0 0.7908653846153846 0.5024038461538461 0.30288461538461536 0.29086538461538464
0 0.7512019230769231 0.59375 0.20673076923076922 0.14182692307692307
0 0.38100961538461536 0.9170673076923077 0.16105769230769232 0.1346153846153846
