0 0.3076923076923077 0.6045673076923077 0.038461538461538464 0.03365384615384615
0 0.24519230769230768 0.5564903846153846 0.057692307692307696 0.0625
0 0.30408653846153844 0.5396634615384616 0.026442307692307692 0.021634615384615384
0 0.6021634615384616 0.5733173076923077 0.06971153846153846 0.06490384615384616
0 0.1658653846153846 0.47596153846153844 0.0625 0.0673076923076923
0 0.33653846153846156 0.4831730769230769 0.040865384615384616 0.06971153846153846
0 0.3401442307692308 0.4795673076923077 0.040865384615384616 0.040865384615384616
0 0.6526442307692307 0.5360576923076923 0.13942307692307693 0.16346153846153846
0 0.4338942307692308 0.4807692307692308 0.08413461538461539 0.10336538461538461
0 0.6862980769230769 0.5252403846153846 0.06009615384615385 0.07451923076923077
0 0.65625 0.5180288461538461 0.036057692307692304 0.036057692307692304
0 0.11177884615384616 0.37259615384615385 0.052884615384615384 0.055288461538461536
0 0.3954326923076923 0.3942307692307692 0.0625 0.06971153846153846
0 0.8870192307692307 0.4723557692307692 0.08413461538461539 0.052884615384615384
0 0.2403846153846154 0.3401442307692308 0.11057692307692307 0.05048076923076923
0 0.6658653846153846 0.4206730769230769 0.08173076923076923 0.09134615384615384
0 0.36177884615384615 0.33653846153846156 0.3293269230769231 0.4735576923076923
0 0.26322115384615385 0.27884615384615385 0.3293269230769231 0.4543269230769231
0 0.7223557692307693 0.35216346153846156 0.08173076923076923 0.09615384615384616
0 0.4254807692307692 0.25600961538461536 0.06971153846153846 0.052884615384615384
0 0.9747596153846154 0.3641826923076923 0.04567307692307692 0.12259615384615384
0 0.8341346153846154 0.3245192307692308 0.06490384615384616 0.0985576923076923
0 0.8317307692307693 0.3125 0.3317307692307692 0.46153846153846156
0 0.9338942307692307 0.3004807692307692 0.12740384615384615 0.15384615384615385
0 0.36658653846153844 0.1814903846153846 0.06009615384615385 0.0673076923076923
0 0.8125 0.23677884615384615 0.0889423076923077 0.0889423076923077
0 0.4230769230769231 0.0985576923076923 0.052884615384615384 0.038461538461538464
0 0.23317307692307693 0.054086538461538464 0.14903846153846154 0.10817307692307693
0 0.9747596153846154 0.19591346153846154 0.04567307692307692 0.06490384615384616
0 0.2091346153846154 0.6129807692307693 0.052884615384615384 0.03125
0 0.2668269230769231 0.6189903846153846 0.052884615384615384 0.040865384615384616
