0 0.8822115384615384 0.3629807692307692 0.12980769230769232 0.20432692307692307
0 0.7259615384615384 0.28846153846153844 0.2091346153846154 0.29086538461538464
0 0.8064903846153846 0.29086538461538464 0.38221153846153844 0.5336538461538461
0 0.4675480769230769 0.20192307692307693 0.20432692307692307 0.2283653846153846
0 0.9338942307692307 0.14543269230769232 0.11778846153846154 0.13221153846153846
0 0.8401442307692307 0.125 0.12259615384615384 0.17067307692307693
0 0.8894230769230769 0.7415865384615384 0.0673076923076923 0.057692307692307696
0 0.7403846153846154 0.6346153846153846 0.06490384615384616 0.12980769230769232
0 0.9110576923076923 0.5889423076923077 0.07211538461538461 0.125
0 0.7115384615384616 0.5012019230769231 0.08653846153846154 0.18269230769230768
0 0.41947115384615385 0.49038461538461536 0.07451923076923077 0.18269230769230768
