0 0.3088942307692308 0.48677884615384615 0.05048076923076923 0.05048076923076923
0 0.7355769230769231 0.27283653846153844 0.06490384615384616 0.06490384615384616
0 0.9134615384615384 0.2403846153846154 0.06971153846153846 0.07211538461538461
0 0.8221153846153846 0.2439903846153846 0.10817307692307693 0.0673076923076923
0 0.29447115384615385 0.90625 0.055288461538461536 0.06009615384615385
0 0.7608173076923077 0.8425480769230769 0.08653846153846154 0.052884615384615384
0 0.2620192307692308 0.8209134615384616 0.08653846153846154 0.09134615384615384
0 0.3317307692307692 0.7824519230769231 0.08653846153846154 0.08413461538461539
0 0.5997596153846154 0.7439903846153846 0.08653846153846154 0.1778846153846154
0 0.8365384615384616 0.6959134615384616 0.32211538461538464 0.11778846153846154
0 0.8689903846153846 0.6826923076923077 0.2283653846153846 0.1778846153846154
