0 0.3076923076923077 0.7139423076923077 0.3581730769230769 0.28365384615384615
0 0.6189903846153846 0.6057692307692307 0.29086538461538464 0.22596153846153846
0 0.44350961538461536 0.6081730769230769 0.11538461538461539 0.11778846153846154
0 0.8185096153846154 0.296875 0.3581730769230769 0.59375
0 0.06370192307692307 0.5108173076923077 0.12740384615384615 0.29086538461538464
0 0.765625 0.16466346153846154 0.25240384615384615 0.24759615384615385
0 0.4639423076923077 0.2247596153846154 0.27884615384615385 0.31490384615384615
0 0.23197115384615385 0.2764423076923077 0.18990384615384615 0.24519230769230768
0 0.0829326923076923 0.2644230769230769 0.1658653846153846 0.20192307692307693
0 0.3233173076923077 0.20192307692307693 0.6466346153846154 0.40384615384615385
0 0.32211538461538464 0.11177884615384616 0.23557692307692307 0.1466346153846154
