0 0.44350961538461536 0.6141826923076923 0.057692307692307696 0.08413461538461539
0 0.7620192307692307 0.7668269230769231 0.23076923076923078 0.23076923076923078
0 0.6262019230769231 0.7764423076923077 0.0673076923076923 0.1658653846153846
0 0.18629807692307693 0.7079326923076923 0.12740384615384615 0.15384615384615385
0 0.2283653846153846 0.7259615384615384 0.25961538461538464 0.2644230769230769
0 0.17548076923076922 0.734375 0.09134615384615384 0.09615384615384616
0 0.25600961538461536 0.7704326923076923 0.09375 0.11298076923076923
0 0.47475961538461536 0.8221153846153846 0.0889423076923077 0.11778846153846154
0 0.3713942307692308 0.8545673076923077 0.10817307692307693 0.19471153846153846
0 0.3798076923076923 0.8689903846153846 0.30288461538461536 0.25721153846153844
0 0.6634615384615384 0.9098557692307693 0.27884615384615385 0.17548076923076922
0 0.44711538461538464 0.9375 0.0889423076923077 0.10817307692307693
0 0.5997596153846154 0.9555288461538461 0.10336538461538461 0.08413461538461539
0 0.703125 0.9759615384615384 0.06009615384615385 0.04326923076923077
0 0.42427884615384615 0.390625 0.07211538461538461 0.07451923076923077
