0 0.7223557692307693 0.5072115384615384 0.18509615384615385 0.20192307692307693
0 0.7704326923076923 0.5372596153846154 0.4543269230769231 0.6081730769230769
0 0.35697115384615385 0.28725961538461536 0.13221153846153846 0.1346153846153846
0 0.48677884615384615 0.33533653846153844 0.2283653846153846 0.19951923076923078
0 0.9435096153846154 0.5108173076923077 0.10817307692307693 0.12740384615384615
0 0.6189903846153846 0.36538461538461536 0.7572115384615384 0.5961538461538461
0 0.9362980769230769 0.46875 0.12259615384615384 0.22115384615384615
0 0.6814903846153846 0.3293269230769231 0.1971153846153846 0.18990384615384615
0 0.8112980769230769 0.3581730769230769 0.18269230769230768 0.19230769230769232
0 0.3737980769230769 0.7608173076923077 0.14182692307692307 0.10576923076923077
0 0.4014423076923077 0.7319711538461539 0.2980769230769231 0.23317307692307693
0 0.4375 0.7139423076923077 0.15625 0.11057692307692307
0 0.6814903846153846 0.6622596153846154 0.13221153846153846 0.12980769230769232
