0 0.9507211538461539 0.6370192307692307 0.07451923076923077 0.14423076923076922
0 0.7692307692307693 0.6959134615384616 0.08653846153846154 0.16826923076923078
0 0.35697115384615385 0.7211538461538461 0.15144230769230768 0.19471153846153846
0 0.11298076923076923 0.7728365384615384 0.1466346153846154 0.1875
0 0.6394230769230769 0.7692307692307693 0.07692307692307693 0.16346153846153846
0 0.9278846153846154 0.7764423076923077 0.11778846153846154 0.125
0 0.4891826923076923 0.7896634615384616 0.12980769230769232 0.21153846153846154
0 0.7355769230769231 0.8173076923076923 0.09134615384615384 0.11298076923076923
0 0.5961538461538461 0.859375 0.05048076923076923 0.15384615384615385
0 0.8641826923076923 0.8918269230769231 0.1346153846153846 0.1201923076923077
0 0.12620192307692307 0.9290865384615384 0.18509615384615385 0.13701923076923078
0 0.4735576923076923 0.9411057692307693 0.13701923076923078 0.10576923076923077
0 0.9194711538461539 0.2824519230769231 0.07932692307692307 0.10096153846153846
0 0.8245192307692307 0.29086538461538464 0.04326923076923077 0.125
0 0.7788461538461539 0.2980769230769231 0.057692307692307696 0.14903846153846154
0 0.6442307692307693 0.3125 0.06971153846153846 0.18509615384615385
0 0.5925480769230769 0.3161057692307692 0.10096153846153846 0.1201923076923077
0 0.9350961538461539 0.31490384615384615 0.1201923076923077 0.15625
0 0.5600961538461539 0.3233173076923077 0.0625 0.2403846153846154
0 0.8725961538461539 0.3329326923076923 0.026442307692307692 0.07451923076923077
0 0.49158653846153844 0.35216346153846156 0.07211538461538461 0.22355769230769232
0 0.9459134615384616 0.3473557692307692 0.0673076923076923 0.08173076923076923
0 0.7199519230769231 0.3762019230769231 0.038461538461538464 0.2668269230769231
0 0.6237980769230769 0.47596153846153844 0.0673076923076923 0.11778846153846154
0 0.390625 0.5180288461538461 0.10096153846153846 0.10576923076923077
0 0.1346153846153846 0.5372596153846154 0.07692307692307693 0.13701923076923078
0 0.5192307692307693 0.5588942307692307 0.07932692307692307 0.19230769230769232
0 0.22115384615384615 0.5973557692307693 0.12980769230769232 0.21153846153846154
0 0.84375 0.5961538461538461 0.11778846153846154 0.15625
