0 0.484375 0.3389423076923077 0.06009615384615385 0.04807692307692308
0 0.5913461538461539 0.39302884615384615 0.04807692307692308 0.038461538461538464
0 0.4951923076923077 0.3918269230769231 0.11057692307692307 0.10817307692307693
0 0.8112980769230769 0.7740384615384616 0.17307692307692307 0.1658653846153846
0 0.43509615384615385 0.6610576923076923 0.22596153846153846 0.2091346153846154
0 0.6382211538461539 0.7644230769230769 0.14423076923076922 0.11538461538461539
0 0.6213942307692307 0.7728365384615384 0.19471153846153846 0.1778846153846154
0 0.6189903846153846 0.7836538461538461 0.6514423076923077 0.42788461538461536
0 0.7884615384615384 0.9158653846153846 0.22115384615384615 0.16346153846153846
0 0.5456730769230769 0.9122596153846154 0.15865384615384615 0.1201923076923077
0 0.5588942307692307 0.9362980769230769 0.19951923076923078 0.12259615384615384
