0 0.4170673076923077 0.22355769230769232 0.18269230769230768 0.14182692307692307
0 0.421875 0.25600961538461536 0.46875 0.3173076923076923
0 0.5036057692307693 0.3173076923076923 0.21153846153846154 0.125
0 0.2800480769230769 0.2608173076923077 0.12259615384615384 0.11538461538461539
0 0.19591346153846154 0.24519230769230768 0.1201923076923077 0.08173076923076923
0 0.6153846153846154 0.43149038461538464 0.1875 0.16105769230769232
0 0.125 0.6189903846153846 0.25 0.2283653846153846
0 0.7163461538461539 0.7644230769230769 0.5096153846153846 0.46634615384615385
0 0.6057692307692307 0.8040865384615384 0.21634615384615385 0.3076923076923077
0 0.4050480769230769 0.7175480769230769 0.8100961538461539 0.5600961538461539
0 0.2824519230769231 0.7524038461538461 0.3317307692307692 0.3173076923076923
0 0.09254807692307693 0.8149038461538461 0.18509615384615385 0.18269230769230768
