0 0.7584134615384616 0.7896634615384616 0.06971153846153846 0.09134615384615384
0 0.4074519230769231 0.6129807692307693 0.15144230769230768 0.17067307692307693
0 0.14783653846153846 0.5853365384615384 0.2956730769230769 0.5264423076923077
0 0.8257211538461539 0.1935096153846154 0.18990384615384615 0.16105769230769232
0 0.46033653846153844 0.8641826923076923 0.2283653846153846 0.2668269230769231
0 0.3641826923076923 0.8341346153846154 0.22115384615384615 0.28846153846153844
0 0.5 0.1466346153846154 0.5384615384615384 0.2932692307692308
0 0.5913461538461539 0.13942307692307693 0.23076923076923078 0.25961538461538464
0 0.921875 0.3485576923076923 0.15144230769230768 0.14903846153846154
0 0.35096153846153844 0.12259615384615384 0.21153846153846154 0.24519230769230768
0 0.8365384615384616 0.5384615384615384 0.16105769230769232 0.21394230769230768
0 0.8401442307692307 0.5528846153846154 0.31490384615384615 0.41346153846153844
0 0.9158653846153846 0.6225961538461539 0.13221153846153846 0.18028846153846154
0 0.8137019230769231 0.5961538461538461 0.36778846153846156 0.41346153846153844
0 0.6682692307692307 0.5240384615384616 0.17307692307692307 0.28125
0 0.5240384615384616 0.5973557692307693 0.24519230769230768 0.28846153846153844
0 0.6574519230769231 0.6995192307692307 0.11298076923076923 0.1346153846153846
