0 0.44471153846153844 0.5024038461538461 0.09615384615384616 0.08413461538461539
0 0.39302884615384615 0.48677884615384615 0.3870192307692308 0.2620192307692308
0 0.3942307692307692 0.4879807692307692 0.09375 0.10817307692307693
0 0.5096153846153846 0.5552884615384616 0.08173076923076923 0.09134615384615384
0 0.28125 0.47475961538461536 0.1875 0.21875
0 0.11298076923076923 0.7391826923076923 0.16105769230769232 0.15384615384615385
0 0.5 0.9050480769230769 0.21875 0.1875
0 0.24879807692307693 0.8040865384615384 0.18509615384615385 0.18509615384615385
0 0.6466346153846154 0.9435096153846154 0.16826923076923078 0.10817307692307693
0 0.671875 0.9483173076923077 0.18028846153846154 0.0985576923076923
0 0.6658653846153846 0.9771634615384616 0.11057692307692307 0.040865384615384616
