0 0.7848557692307693 0.5480769230769231 0.11298076923076923 0.2860576923076923
0 0.9254807692307693 0.4951923076923077 0.14182692307692307 0.3894230769230769
0 0.8617788461538461 0.4483173076923077 0.27163461538461536 0.4543269230769231
0 0.02403846153846154 0.46153846153846156 0.04807692307692308 0.2403846153846154
0 0.7572115384615384 0.3737980769230769 0.2091346153846154 0.34134615384615385
0 0.5817307692307693 0.38461538461538464 0.16826923076923078 0.2644230769230769
0 0.4338942307692308 0.38461538461538464 0.15144230769230768 0.3173076923076923
0 0.13581730769230768 0.3401442307692308 0.11057692307692307 0.1971153846153846
0 0.06971153846153846 0.33774038461538464 0.13942307692307693 0.3293269230769231
0 0.8341346153846154 0.1814903846153846 0.3076923076923077 0.3485576923076923
0 0.43509615384615385 0.1814903846153846 0.27884615384615385 0.3629807692307692
0 0.06610576923076923 0.18990384615384615 0.13221153846153846 0.19230769230769232
