0 0.46033653846153844 0.359375 0.1346153846153846 0.13221153846153846
0 0.39663461538461536 0.3786057692307692 0.11298076923076923 0.1201923076923077
0 0.453125 0.4014423076923077 0.05048076923076923 0.06009615384615385
0 0.22716346153846154 0.46033653846153844 0.11778846153846154 0.1201923076923077
0 0.4855769230769231 0.47596153846153844 0.08173076923076923 0.0889423076923077
0 0.17908653846153846 0.5408653846153846 0.1346153846153846 0.0889423076923077
0 0.4411057692307692 0.5108173076923077 0.24759615384615385 0.33413461538461536
0 0.3473557692307692 0.5444711538461539 0.0985576923076923 0.10576923076923077
0 0.2091346153846154 0.6057692307692307 0.1778846153846154 0.18269230769230768
0 0.375 0.6057692307692307 0.3004807692307692 0.3557692307692308
0 0.2608173076923077 0.6358173076923077 0.0889423076923077 0.10336538461538461
0 0.47836538461538464 0.6322115384615384 0.09615384615384616 0.09134615384615384
0 0.13221153846153846 0.8701923076923077 0.08173076923076923 0.08173076923076923
0 0.515625 0.7980769230769231 0.08173076923076923 0.07932692307692307
0 0.24519230769230768 0.9038461538461539 0.30288461538461536 0.1875
0 0.36899038461538464 0.9423076923076923 0.1346153846153846 0.0889423076923077
0 0.1502403846153846 0.953125 0.11778846153846154 0.0889423076923077
0 0.3088942307692308 0.9663461538461539 0.11298076923076923 0.0625
0 0.5925480769230769 0.23918269230769232 0.07692307692307693 0.08413461538461539
0 0.5793269230769231 0.25721153846153844 0.09615384615384616 0.10817307692307693
0 0.48197115384615385 0.28846153846153844 0.06009615384615385 0.08173076923076923
0 0.5492788461538461 0.3293269230769231 0.10096153846153846 0.125
