0 0.6550480769230769 0.5264423076923077 0.3389423076923077 0.22596153846153846
0 0.36899038461538464 0.7463942307692307 0.13942307692307693 0.09134615384615384
0 0.8209134615384616 0.9086538461538461 0.08653846153846154 0.052884615384615384
0 0.6430288461538461 0.9014423076923077 0.1201923076923077 0.08173076923076923
0 0.11778846153846154 0.8004807692307693 0.23557692307692307 0.2644230769230769
0 0.8185096153846154 0.984375 0.1466346153846154 0.026442307692307692
0 0.9879807692307693 0.33774038461538464 0.019230769230769232 0.07451923076923077
0 0.6550480769230769 0.25 0.1875 0.1201923076923077
0 0.8605769230769231 0.30408653846153844 0.23557692307692307 0.11057692307692307
0 0.16947115384615385 0.24278846153846154 0.24278846153846154 0.20673076923076922
0 0.36538461538461536 0.36538461538461536 0.2091346153846154 0.14903846153846154
0 0.17067307692307693 0.3701923076923077 0.22115384615384615 0.2403846153846154
0 0.8786057692307693 0.5588942307692307 0.23798076923076922 0.20432692307692307
