0 0.36538461538461536 0.3629807692307692 0.0985576923076923 0.10576923076923077
0 0.5288461538461539 0.34375 0.4326923076923077 0.5288461538461539
0 0.5072115384615384 0.37259615384615385 0.1346153846153846 0.16105769230769232
0 0.07211538461538461 0.6526442307692307 0.09134615384615384 0.11298076923076923
0 0.7584134615384616 0.5264423076923077 0.31971153846153844 0.3894230769230769
0 0.2620192307692308 0.7872596153846154 0.15625 0.1875
0 0.6430288461538461 0.6334134615384616 0.07932692307692307 0.08653846153846154
0 0.5841346153846154 0.7019230769230769 0.125 0.14423076923076922
0 0.7475961538461539 0.7223557692307693 0.19230769230769232 0.24278846153846154
0 0.5721153846153846 0.8762019230769231 0.18509615384615385 0.23557692307692307
0 0.6430288461538461 0.8858173076923077 0.17067307692307693 0.18028846153846154
0 0.46153846153846156 0.9254807692307693 0.27403846153846156 0.14423076923076922
0 0.45913461538461536 0.125 0.09375 0.11057692307692307
