0 0.6033653846153846 0.375 0.21634615384615385 0.19471153846153846
0 0.06850961538461539 0.5276442307692307 0.1201923076923077 0.09134615384615384
0 0.2548076923076923 0.5432692307692307 0.14903846153846154 0.23076923076923078
0 0.16105769230769232 0.578125 0.09375 0.10576923076923077
0 0.3701923076923077 0.5432692307692307 0.11057692307692307 0.11778846153846154
0 0.5096153846153846 0.5204326923076923 0.22355769230769232 0.23798076923076922
0 0.38341346153846156 0.6117788461538461 0.25721153846153844 0.2932692307692308
0 0.19591346153846154 0.6646634615384616 0.1201923076923077 0.08413461538461539
0 0.7632211538461539 0.5240384615384616 0.3269230769230769 0.39903846153846156
0 0.36538461538461536 0.08173076923076923 0.11778846153846154 0.12259615384615384
0 0.17548076923076922 0.7584134615384616 0.20673076923076922 0.18028846153846154
0 0.49278846153846156 0.6778846153846154 0.1201923076923077 0.17067307692307693
0 0.6370192307692307 0.6622596153846154 0.2091346153846154 0.28365384615384615
0 0.33774038461538464 0.7524038461538461 0.21875 0.18269230769230768
0 0.8713942307692307 0.6502403846153846 0.25240384615384615 0.5360576923076923
0 0.25240384615384615 0.14903846153846154 0.09615384615384616 0.11298076923076923
0 0.49158653846153844 0.12740384615384615 0.19230769230769232 0.24278846153846154
