0 0.2644230769230769 0.71875 0.07211538461538461 0.10096153846153846
0 0.3942307692307692 0.7115384615384616 0.038461538461538464 0.07932692307692307
0 0.4254807692307692 0.7103365384615384 0.026442307692307692 0.08413461538461539
0 0.5204326923076923 0.6971153846153846 0.0625 0.0673076923076923
0 0.5576923076923077 0.6850961538461539 0.1778846153846154 0.10096153846153846
0 0.3076923076923077 0.6862980769230769 0.17307692307692307 0.11298076923076923
0 0.49278846153846156 0.6766826923076923 0.055288461538461536 0.06490384615384616
0 0.5637019230769231 0.6682692307692307 0.0625 0.06009615384615385
0 0.6201923076923077 0.6646634615384616 0.052884615384615384 0.06490384615384616
0 0.5132211538461539 0.6213942307692307 0.03365384615384615 0.07692307692307693
0 0.4411057692307692 0.4987980769230769 0.05048076923076923 0.12740384615384615
0 0.13942307692307693 0.4699519230769231 0.15625 0.3485576923076923
0 0.09735576923076923 0.41947115384615385 0.06490384615384616 0.11298076923076923
0 0.6959134615384616 0.3894230769230769 0.13221153846153846 0.2091346153846154
0 0.7043269230769231 0.3557692307692308 0.0889423076923077 0.13701923076923078
0 0.3293269230769231 0.34134615384615385 0.1658653846153846 0.1346153846153846
0 0.3088942307692308 0.31490384615384615 0.08413461538461539 0.09134615384615384
0 0.5072115384615384 0.7584134615384616 0.028846153846153848 0.055288461538461536
