0 0.45072115384615385 0.35697115384615385 0.04807692307692308 0.052884615384615384
0 0.5228365384615384 0.40024038461538464 0.0673076923076923 0.06009615384615385
0 0.5637019230769231 0.4375 0.10817307692307693 0.08173076923076923
0 0.6418269230769231 0.5144230769230769 0.10817307692307693 0.0889423076923077
0 0.5324519230769231 0.4879807692307692 0.12740384615384615 0.11057692307692307
0 0.6682692307692307 0.6009615384615384 0.12259615384615384 0.10817307692307693
0 0.7403846153846154 0.6418269230769231 0.08653846153846154 0.07932692307692307
0 0.7548076923076923 0.6995192307692307 0.08413461538461539 0.09615384615384616
0 0.6129807692307693 0.6358173076923077 0.12259615384615384 0.12740384615384615
0 0.21754807692307693 0.4206730769230769 0.14182692307692307 0.125
0 0.38221153846153844 0.515625 0.12259615384615384 0.13701923076923078
0 0.6814903846153846 0.6838942307692307 0.12980769230769232 0.1201923076923077
0 0.49278846153846156 0.5829326923076923 0.19951923076923078 0.2091346153846154
0 0.7800480769230769 0.7764423076923077 0.055288461538461536 0.057692307692307696
0 0.5673076923076923 0.6766826923076923 0.09615384615384616 0.07211538461538461
0 0.6418269230769231 0.7223557692307693 0.08653846153846154 0.07692307692307693
0 0.2512019230769231 0.5228365384615384 0.09615384615384616 0.10336538461538461
0 0.16466346153846154 0.47716346153846156 0.11298076923076923 0.10336538461538461
0 0.36538461538461536 0.5997596153846154 0.11538461538461539 0.07692307692307693
0 0.5348557692307693 0.7403846153846154 0.0673076923076923 0.05048076923076923
0 0.3629807692307692 0.6670673076923077 0.1201923076923077 0.09615384615384616
0 0.15985576923076922 0.5769230769230769 0.10817307692307693 0.10096153846153846
