0 0.3641826923076923 0.3245192307692308 0.21394230769230768 0.14182692307692307
0 0.65625 0.4735576923076923 0.13942307692307693 0.16826923076923078
0 0.5733173076923077 0.46033653846153844 0.09375 0.0985576923076923
0 0.6081730769230769 0.4855769230769231 0.057692307692307696 0.07692307692307693
0 0.5252403846153846 0.47115384615384615 0.04326923076923077 0.057692307692307696
0 0.6814903846153846 0.5528846153846154 0.03365384615384615 0.04326923076923077
0 0.3798076923076923 0.5829326923076923 0.057692307692307696 0.0625
0 0.4182692307692308 0.6274038461538461 0.09375 0.06971153846153846
0 0.34134615384615385 0.6009615384615384 0.08413461538461539 0.0985576923076923
0 0.014423076923076924 0.49399038461538464 0.028846153846153848 0.0889423076923077
0 0.021634615384615384 0.49759615384615385 0.04326923076923077 0.11057692307692307
0 0.16947115384615385 0.578125 0.14423076923076922 0.17067307692307693
0 0.328125 0.6430288461538461 0.10576923076923077 0.08413461538461539
0 0.4050480769230769 0.6899038461538461 0.1201923076923077 0.10817307692307693
0 0.7139423076923077 0.8305288461538461 0.09134615384615384 0.10336538461538461
0 0.30528846153846156 0.6923076923076923 0.2692307692307692 0.3173076923076923
0 0.1814903846153846 0.6466346153846154 0.09375 0.10336538461538461
0 0.26802884615384615 0.6923076923076923 0.11057692307692307 0.125
0 0.5192307692307693 0.8004807692307693 0.0985576923076923 0.11298076923076923
0 0.45552884615384615 0.7788461538461539 0.0889423076923077 0.11538461538461539
0 0.5661057692307693 0.8473557692307693 0.052884615384615384 0.0625
0 0.40865384615384615 0.7836538461538461 0.11298076923076923 0.14423076923076922
0 0.6574519230769231 0.8846153846153846 0.1658653846153846 0.1201923076923077
0 0.578125 0.9591346153846154 0.03125 0.040865384615384616
