0 0.7091346153846154 0.6875 0.1201923076923077 0.1466346153846154
0 0.8605769230769231 0.6189903846153846 0.11298076923076923 0.09615384615384616
0 0.12139423076923077 0.6574519230769231 0.24278846153846154 0.30288461538461536
0 0.06850961538461539 0.6370192307692307 0.11778846153846154 0.15865384615384615
0 0.33533653846153844 0.5576923076923077 0.14182692307692307 0.17067307692307693
0 0.7067307692307693 0.46634615384615385 0.18990384615384615 0.2091346153846154
0 0.4495192307692308 0.4699519230769231 0.16346153846153846 0.11057692307692307
0 0.4987980769230769 0.48677884615384615 0.9975961538461539 0.9735576923076923
0 0.17548076923076922 0.4891826923076923 0.06490384615384616 0.07692307692307693
0 0.8461538461538461 0.32572115384615385 0.21153846153846154 0.24519230769230768
0 0.2644230769230769 0.36778846153846156 0.1466346153846154 0.13701923076923078
0 0.055288461538461536 0.3942307692307692 0.09375 0.12259615384615384
0 0.7548076923076923 0.2776442307692308 0.46634615384615385 0.5552884615384616
0 0.03365384615384615 0.30649038461538464 0.0673076923076923 0.22355769230769232
0 0.1045673076923077 0.22716346153846154 0.2091346153846154 0.23798076923076922
0 0.47596153846153844 0.13822115384615385 0.27884615384615385 0.13221153846153846
0 0.6862980769230769 0.04807692307692308 0.07932692307692307 0.09615384615384616
0 0.24759615384615385 0.890625 0.10576923076923077 0.09375
0 0.49399038461538464 0.8329326923076923 0.0673076923076923 0.08173076923076923
0 0.6322115384615384 0.7872596153846154 0.09615384615384616 0.0889423076923077
0 0.4963942307692308 0.8112980769230769 0.13942307692307693 0.1346153846153846
0 0.109375 0.8858173076923077 0.08413461538461539 0.0985576923076923
0 0.5733173076923077 0.765625 0.11298076923076923 0.11538461538461539
