0 0.1935096153846154 0.38100961538461536 0.09615384615384616 0.09134615384615384
0 0.23918269230769232 0.44711538461538464 0.10576923076923077 0.10096153846153846
0 0.4879807692307692 0.38100961538461536 0.21153846153846154 0.16346153846153846
0 0.7956730769230769 0.36899038461538464 0.1875 0.20432692307692307
0 0.78125 0.4723557692307692 0.17067307692307693 0.17548076923076922
0 0.38822115384615385 0.6670673076923077 0.22115384615384615 0.21153846153846154
0 0.3737980769230769 0.8425480769230769 0.33413461538461536 0.31009615384615385
0 0.21153846153846154 0.8930288461538461 0.22115384615384615 0.2091346153846154
0 0.6009615384615384 0.8629807692307693 0.27403846153846156 0.2692307692307692
0 0.4170673076923077 0.9567307692307693 0.19951923076923078 0.08173076923076923
