0 0.7079326923076923 0.5841346153846154 0.03365384615384615 0.06009615384615385
0 0.7091346153846154 0.6466346153846154 0.03365384615384615 0.055288461538461536
0 0.8497596153846154 0.6502403846153846 0.036057692307692304 0.0673076923076923
0 0.8329326923076923 0.6550480769230769 0.14423076923076922 0.1658653846153846
0 0.6117788461538461 0.6610576923076923 0.06971153846153846 0.12740384615384615
0 0.5528846153846154 0.6814903846153846 0.038461538461538464 0.07692307692307693
0 0.7259615384615384 0.7283653846153846 0.19951923076923078 0.38461538461538464
0 0.546875 0.7391826923076923 0.07932692307692307 0.12740384615384615
0 0.8161057692307693 0.8052884615384616 0.09134615384615384 0.14903846153846154
0 0.9170673076923077 0.8293269230769231 0.07932692307692307 0.17548076923076922
0 0.4891826923076923 0.84375 0.0889423076923077 0.11538461538461539
0 0.5697115384615384 0.8725961538461539 0.19951923076923078 0.24278846153846154
0 0.7175480769230769 0.90625 0.14423076923076922 0.12980769230769232
0 0.5685096153846154 0.9447115384615384 0.06971153846153846 0.0985576923076923
