0 0.6057692307692307 0.6225961538461539 0.21394230769230768 0.19230769230769232
0 0.0673076923076923 0.4795673076923077 0.1201923076923077 0.0889423076923077
0 0.2548076923076923 0.46153846153846156 0.1466346153846154 0.2283653846153846
0 0.15985576923076922 0.42788461538461536 0.09134615384615384 0.10336538461538461
0 0.36899038461538464 0.45913461538461536 0.10817307692307693 0.11538461538461539
0 0.5084134615384616 0.4795673076923077 0.22115384615384615 0.23557692307692307
0 0.38100961538461536 0.3894230769230769 0.25240384615384615 0.29086538461538464
0 0.1935096153846154 0.3401442307692308 0.11778846153846154 0.08173076923076923
0 0.7620192307692307 0.47115384615384615 0.32211538461538464 0.39663461538461536
0 0.37259615384615385 0.9206730769230769 0.11778846153846154 0.12259615384615384
0 0.17067307692307693 0.24639423076923078 0.20432692307692307 0.1778846153846154
0 0.4891826923076923 0.3233173076923077 0.11778846153846154 0.17067307692307693
0 0.6334134615384616 0.33533653846153844 0.20673076923076922 0.28125
0 0.3329326923076923 0.25 0.21634615384615385 0.18028846153846154
0 0.8725961538461539 0.34375 0.25 0.5336538461538461
0 0.25961538461538464 0.8545673076923077 0.09375 0.11057692307692307
0 0.49759615384615385 0.8725961538461539 0.18990384615384615 0.24278846153846154
