0 0.5829326923076923 0.13221153846153846 0.3870192307692308 0.2644230769230769
0 0.6310096153846154 0.14903846153846154 0.16346153846153846 0.1346153846153846
0 0.3557692307692308 0.06971153846153846 0.10336538461538461 0.08173076923076923
0 0.7932692307692307 0.4675480769230769 0.18990384615384615 0.19951923076923078
0 0.17067307692307693 0.25961538461538464 0.15865384615384615 0.14182692307692307
0 0.3125 0.3641826923076923 0.20192307692307693 0.21394230769230768
0 0.9122596153846154 0.6213942307692307 0.17067307692307693 0.20432692307692307
0 0.578125 0.5048076923076923 0.25961538461538464 0.23557692307692307
0 0.796875 0.6201923076923077 0.19230769230769232 0.17067307692307693
0 0.3449519230769231 0.4699519230769231 0.2283653846153846 0.19951923076923078
0 0.13701923076923078 0.53125 0.20192307692307693 0.21394230769230768
0 0.3762019230769231 0.6598557692307693 0.125 0.13701923076923078
0 0.4891826923076923 0.6310096153846154 0.9783653846153846 0.7331730769230769
0 0.34615384615384615 0.6802884615384616 0.2283653846153846 0.2403846153846154
0 0.5396634615384616 0.7752403846153846 0.18269230769230768 0.18269230769230768
0 0.15625 0.6983173076923077 0.3125 0.31490384615384615
0 0.3293269230769231 0.8028846153846154 0.33653846153846156 0.31490384615384615
0 0.5360576923076923 0.8978365384615384 0.2548076923076923 0.19951923076923078
0 0.7487980769230769 0.9338942307692307 0.22355769230769232 0.12740384615384615
