0 0.2608173076923077 0.5805288461538461 0.09134615384615384 0.22355769230769232
0 0.171875 0.625 0.10817307692307693 0.12259615384615384
0 0.055288461538461536 0.6899038461538461 0.11057692307692307 0.15384615384615385
0 0.6935096153846154 0.15504807692307693 0.15144230769230768 0.18028846153846154
0 0.5168269230769231 0.14783653846153846 0.07692307692307693 0.11538461538461539
0 0.4519230769230769 0.1658653846153846 0.09615384615384616 0.14423076923076922
0 0.7163461538461539 0.18990384615384615 0.43990384615384615 0.31490384615384615
0 0.29447115384615385 0.171875 0.17307692307692307 0.2091346153846154
0 0.4519230769230769 0.18870192307692307 0.19951923076923078 0.23798076923076922
0 0.828125 0.23197115384615385 0.19951923076923078 0.2283653846153846
0 0.3112980769230769 0.2091346153846154 0.14903846153846154 0.13701923076923078
0 0.5805288461538461 0.2403846153846154 0.16105769230769232 0.15384615384615385
0 0.6838942307692307 0.25841346153846156 0.11298076923076923 0.14423076923076922
0 0.4170673076923077 0.2704326923076923 0.12259615384615384 0.052884615384615384
0 0.17067307692307693 0.5144230769230769 0.07211538461538461 0.13221153846153846
