0 0.21634615384615385 0.47475961538461536 0.04326923076923077 0.0625
0 0.17427884615384615 0.48677884615384615 0.30288461538461536 0.18028846153846154
0 0.4338942307692308 0.5384615384615384 0.03365384615384615 0.036057692307692304
0 0.13701923076923078 0.4963942307692308 0.057692307692307696 0.07451923076923077
0 0.33533653846153844 0.5408653846153846 0.49278846153846156 0.21153846153846154
0 0.39302884615384615 0.5637019230769231 0.28125 0.23076923076923078
0 0.06009615384615385 0.5012019230769231 0.040865384615384616 0.04326923076923077
0 0.22235576923076922 0.5348557692307693 0.04567307692307692 0.06009615384615385
0 0.5192307692307693 0.609375 0.04807692307692308 0.04326923076923077
0 0.6875 0.7079326923076923 0.0625 0.06490384615384616
0 0.12740384615384615 0.6069711538461539 0.07211538461538461 0.0673076923076923
0 0.3713942307692308 0.6959134615384616 0.10817307692307693 0.13942307692307693
0 0.5733173076923077 0.765625 0.11298076923076923 0.1346153846153846
0 0.515625 0.7572115384615384 0.28125 0.25
0 0.8882211538461539 0.8317307692307693 0.052884615384615384 0.10096153846153846
0 0.8040865384615384 0.84375 0.23076923076923078 0.20432692307692307
0 0.4026442307692308 0.7680288461538461 0.4206730769230769 0.45913461538461536
0 0.6262019230769231 0.8016826923076923 0.49278846153846156 0.3918269230769231
0 0.4050480769230769 0.8954326923076923 0.08173076923076923 0.10336538461538461
