0 0.5853365384615384 0.046875 0.11538461538461539 0.09375
0 0.1466346153846154 0.47475961538461536 0.23798076923076922 0.25240384615384615
0 0.5456730769230769 0.6742788461538461 0.23557692307692307 0.24278846153846154
0 0.3425480769230769 0.5793269230769231 0.31971153846153844 0.2956730769230769
0 0.5348557692307693 0.7860576923076923 0.49759615384615385 0.4230769230769231
0 0.13341346153846154 0.6274038461538461 0.1971153846153846 0.16346153846153846
0 0.3798076923076923 0.7524038461538461 0.2692307692307692 0.3125
0 0.5228365384615384 0.8521634615384616 0.2860576923076923 0.29086538461538464
0 0.7199519230769231 0.23076923076923078 0.16346153846153846 0.15144230769230768
0 0.4362980769230769 0.16706730769230768 0.1658653846153846 0.22596153846153846
0 0.7415865384615384 0.328125 0.18028846153846154 0.16826923076923078
0 0.31009615384615385 0.23918269230769232 0.20432692307692307 0.1778846153846154
0 0.36658653846153844 0.328125 0.14182692307692307 0.20192307692307693
0 0.7331730769230769 0.5372596153846154 0.19471153846153846 0.1875
0 0.6598557692307693 0.5108173076923077 0.4206730769230769 0.41586538461538464
0 0.2608173076923077 0.34975961538461536 0.12740384615384615 0.12740384615384615
0 0.32572115384615385 0.3942307692307692 0.31971153846153844 0.25
0 0.6009615384615384 0.06370192307692307 0.18269230769230768 0.12740384615384615
