0 0.48677884615384615 0.6057692307692307 0.13701923076923078 0.10096153846153846
0 0.48677884615384615 0.59375 0.07211538461538461 0.04807692307692308
0 0.5649038461538461 0.5324519230769231 0.07932692307692307 0.05048076923076923
0 0.6598557692307693 0.46033653846153844 0.10817307692307693 0.0889423076923077
0 0.3762019230769231 0.5396634615384616 0.08653846153846154 0.11778846153846154
0 0.5637019230769231 0.44471153846153844 0.11538461538461539 0.12259615384615384
0 0.4266826923076923 0.45072115384615385 0.17307692307692307 0.13221153846153846
0 0.25841346153846156 0.5036057692307693 0.21153846153846154 0.14182692307692307
0 0.49038461538461536 0.3581730769230769 0.11298076923076923 0.11778846153846154
0 0.38100961538461536 0.38100961538461536 0.13942307692307693 0.12980769230769232
