0 0.703125 0.24519230769230768 0.0985576923076923 0.08653846153846154
0 0.3161057692307692 0.4170673076923077 0.0889423076923077 0.08413461538461539
0 0.17427884615384615 0.4807692307692308 0.11538461538461539 0.09615384615384616
0 0.8509615384615384 0.18389423076923078 0.10096153846153846 0.09615384615384616
0 0.5252403846153846 0.33653846153846156 0.1346153846153846 0.10336538461538461
0 0.8004807692307693 0.21875 0.11057692307692307 0.08653846153846154
0 0.43990384615384615 0.3894230769230769 0.8798076923076923 0.47596153846153844
0 0.2848557692307692 0.4483173076923077 0.08413461538461539 0.07451923076923077
0 0.05889423076923077 0.5528846153846154 0.11778846153846154 0.125
0 0.6947115384615384 0.27163461538461536 0.28365384615384615 0.14182692307692307
0 0.9194711538461539 0.4699519230769231 0.15625 0.14182692307692307
0 0.7223557692307693 0.59375 0.27403846153846156 0.20192307692307693
0 0.4338942307692308 0.7319711538461539 0.17548076923076922 0.11538461538461539
0 0.8822115384615384 0.5600961538461539 0.1346153846153846 0.11778846153846154
0 0.25 0.9158653846153846 0.18269230769230768 0.16346153846153846
0 0.7932692307692307 0.7139423076923077 0.25 0.23557692307692307
