0 0.5396634615384616 0.1778846153846154 0.11778846153846154 0.09375
0 0.390625 0.2548076923076923 0.09134615384615384 0.07451923076923077
0 0.6490384615384616 0.13581730769230768 0.12980769230769232 0.10336538461538461
0 0.46274038461538464 0.23076923076923078 0.47115384615384615 0.2932692307692308
0 0.3473557692307692 0.28846153846153844 0.0985576923076923 0.0625
0 0.4963942307692308 0.22716346153846154 0.10096153846153846 0.08173076923076923
0 0.4026442307692308 0.2932692307692308 0.17067307692307693 0.11538461538461539
0 0.6394230769230769 0.20793269230769232 0.11778846153846154 0.07932692307692307
0 0.27283653846153844 0.5745192307692307 0.24519230769230768 0.18269230769230768
0 0.8185096153846154 0.3317307692307692 0.23076923076923078 0.18269230769230768
0 0.671875 0.4170673076923077 0.21875 0.1875
0 0.18629807692307693 0.6923076923076923 0.2644230769230769 0.19230769230769232
0 0.5396634615384616 0.53125 0.2283653846153846 0.18509615384615385
