0 0.5925480769230769 0.4855769230769231 0.13701923076923078 0.12740384615384615
0 0.09975961538461539 0.4230769230769231 0.14182692307692307 0.20432692307692307
0 0.2848557692307692 0.45552884615384615 0.3485576923076923 0.39663461538461536
0 0.7259615384615384 0.5384615384615384 0.08653846153846154 0.10096153846153846
0 0.24158653846153846 0.4735576923076923 0.23076923076923078 0.3125
0 0.6466346153846154 0.578125 0.07451923076923077 0.08413461538461539
0 0.5757211538461539 0.5805288461538461 0.09134615384615384 0.0673076923076923
0 0.2403846153846154 0.5348557692307693 0.13942307692307693 0.12740384615384615
0 0.39783653846153844 0.6141826923076923 0.1346153846153846 0.07932692307692307
0 0.34375 0.8257211538461539 0.22355769230769232 0.13942307692307693
0 0.9387019230769231 0.3425480769230769 0.11538461538461539 0.10096153846153846
