0 0.1875 0.5877403846153846 0.08413461538461539 0.21153846153846154
0 0.7548076923076923 0.6334134615384616 0.057692307692307696 0.13221153846153846
0 0.46875 0.6802884615384616 0.07932692307692307 0.057692307692307696
0 0.3112980769230769 0.6899038461538461 0.18509615384615385 0.07692307692307693
0 0.6213942307692307 0.7163461538461539 0.22355769230769232 0.21634615384615385
0 0.19591346153846154 0.7632211538461539 0.23557692307692307 0.16346153846153846
0 0.8245192307692307 0.359375 0.0889423076923077 0.10336538461538461
0 0.7103365384615384 0.3581730769230769 0.13942307692307693 0.0985576923076923
0 0.3293269230769231 0.3485576923076923 0.2283653846153846 0.14423076923076922
0 0.5396634615384616 0.3581730769230769 0.19471153846153846 0.125
0 0.8605769230769231 0.5612980769230769 0.07211538461538461 0.14423076923076922
