0 0.3545673076923077 0.45913461538461536 0.04567307692307692 0.05048076923076923
0 0.43028846153846156 0.42427884615384615 0.0673076923076923 0.06009615384615385
0 0.4855769230769231 0.41225961538461536 0.10817307692307693 0.07692307692307693
0 0.5925480769230769 0.3918269230769231 0.10817307692307693 0.08413461538461539
0 0.5084134615384616 0.46634615384615385 0.12740384615384615 0.10576923076923077
0 0.6790865384615384 0.4206730769230769 0.12259615384615384 0.10576923076923077
0 0.7536057692307693 0.38461538461538464 0.08653846153846154 0.07692307692307693
0 0.8088942307692307 0.4050480769230769 0.08173076923076923 0.09615384615384616
0 0.6754807692307693 0.4855769230769231 0.11778846153846154 0.12740384615384615
0 0.27283653846153844 0.6862980769230769 0.14182692307692307 0.1201923076923077
0 0.44591346153846156 0.6057692307692307 0.1201923076923077 0.13701923076923078
0 0.7548076923076923 0.4579326923076923 0.12740384615384615 0.11778846153846154
0 0.5637019230769231 0.5528846153846154 0.1971153846153846 0.20673076923076922
0 0.8870192307692307 0.42908653846153844 0.052884615384615384 0.057692307692307696
0 0.6826923076923077 0.5456730769230769 0.09615384615384616 0.06971153846153846
0 0.7632211538461539 0.5108173076923077 0.08653846153846154 0.07451923076923077
0 0.3762019230769231 0.7175480769230769 0.09134615384615384 0.10336538461538461
0 0.28966346153846156 0.7620192307692307 0.11298076923076923 0.10096153846153846
0 0.5048076923076923 0.6682692307692307 0.11778846153846154 0.07211538461538461
0 0.7163461538461539 0.609375 0.06971153846153846 0.04567307692307692
0 0.5588942307692307 0.7079326923076923 0.1201923076923077 0.09375
0 0.36778846153846156 0.8233173076923077 0.10817307692307693 0.0985576923076923
