0 0.4855769230769231 0.8377403846153846 0.07692307692307693 0.08413461538461539
0 0.40865384615384615 0.8257211538461539 0.052884615384615384 0.06490384615384616
0 0.5540865384615384 0.8317307692307693 0.038461538461538464 0.14182692307692307
0 0.45072115384615385 0.8221153846153846 0.15384615384615385 0.14182692307692307
0 0.4735576923076923 0.8100961538461539 0.04326923076923077 0.07211538461538461
0 0.6021634615384616 0.5360576923076923 0.06971153846153846 0.055288461538461536
0 0.34134615384615385 0.44471153846153844 0.09615384615384616 0.11538461538461539
0 0.171875 0.40384615384615385 0.0673076923076923 0.11778846153846154
0 0.3173076923076923 0.296875 0.06971153846153846 0.06490384615384616
0 0.4182692307692308 0.28365384615384615 0.07211538461538461 0.07211538461538461
0 0.5492788461538461 0.24879807692307693 0.2091346153846154 0.18509615384615385
0 0.3701923076923077 0.15384615384615385 0.040865384615384616 0.0673076923076923
0 0.8774038461538461 0.07091346153846154 0.0673076923076923 0.09375
