0 0.22596153846153846 0.43509615384615385 0.22115384615384615 0.16346153846153846
0 0.296875 0.46153846153846156 0.11298076923076923 0.13701923076923078
0 0.22596153846153846 0.5144230769230769 0.10576923076923077 0.09615384615384616
0 0.28846153846153844 0.5853365384615384 0.10096153846153846 0.09375
0 0.19591346153846154 0.578125 0.13221153846153846 0.11298076923076923
0 0.8689903846153846 0.7235576923076923 0.17307692307692307 0.13942307692307693
0 0.5661057692307693 0.6862980769230769 0.14903846153846154 0.07211538461538461
0 0.2644230769230769 0.6694711538461539 0.18990384615384615 0.15625
0 0.7007211538461539 0.2536057692307692 0.11298076923076923 0.07451923076923077
0 0.578125 0.2512019230769231 0.16346153846153846 0.1201923076923077
0 0.6358173076923077 0.28725961538461536 0.53125 0.27884615384615385
0 0.8161057692307693 0.3425480769230769 0.15865384615384615 0.16826923076923078
0 0.7127403846153846 0.34375 0.18509615384615385 0.12980769230769232
0 0.47716346153846156 0.30408653846153844 0.2091346153846154 0.12259615384615384
0 0.5913461538461539 0.35336538461538464 0.18990384615384615 0.10817307692307693
