0 0.5697115384615384 0.7391826923076923 0.08173076923076923 0.08653846153846154
0 0.5024038461538461 0.7415865384615384 0.18990384615384615 0.12259615384615384
0 0.4831730769230769 0.7271634615384616 0.0985576923076923 0.07451923076923077
0 0.6838942307692307 0.43509615384615385 0.125 0.15865384615384615
0 0.20673076923076922 0.4014423076923077 0.32211538461538464 0.2692307692307692
0 0.265625 0.36658653846153844 0.2620192307692308 0.35336538461538464
0 0.7680288461538461 0.30288461538461536 0.06490384615384616 0.0673076923076923
0 0.4074519230769231 0.3076923076923077 0.3076923076923077 0.16346153846153846
0 0.7728365384615384 0.2247596153846154 0.10576923076923077 0.07451923076923077
0 0.5733173076923077 0.1971153846153846 0.3701923076923077 0.21634615384615385
0 0.5576923076923077 0.15504807692307693 0.625 0.2980769230769231
