0 0.46153846153846156 0.8497596153846154 0.1201923076923077 0.10096153846153846
0 0.7836538461538461 0.7608173076923077 0.1875 0.25961538461538464
0 0.796875 0.7836538461538461 0.15865384615384615 0.22355769230769232
0 0.9002403846153846 0.7596153846153846 0.1346153846153846 0.15144230769230768
0 0.9302884615384616 0.7824519230769231 0.1346153846153846 0.16105769230769232
0 0.3245192307692308 0.9675480769230769 0.27403846153846156 0.06009615384615385
0 0.4026442307692308 0.9855769230769231 0.0889423076923077 0.02403846153846154
0 0.7127403846153846 0.9050480769230769 0.24519230769230768 0.16105769230769232
0 0.5612980769230769 0.9639423076923077 0.1466346153846154 0.0673076923076923
0 0.375 0.21634615384615385 0.09134615384615384 0.11057692307692307
0 0.4543269230769231 0.234375 0.17067307692307693 0.18028846153846154
0 0.0673076923076923 0.42427884615384615 0.1346153846153846 0.25721153846153844
0 0.21033653846153846 0.36778846153846156 0.004807692307692308 0.007211538461538462
0 0.12139423076923077 0.4375 0.14423076923076922 0.15625
0 0.36899038461538464 0.34375 0.2091346153846154 0.20192307692307693
0 0.4987980769230769 0.3293269230769231 0.08653846153846154 0.08653846153846154
0 0.40384615384615385 0.3762019230769231 0.14903846153846154 0.14903846153846154
0 0.44711538461538464 0.4543269230769231 0.12740384615384615 0.13942307692307693
