0 0.3605769230769231 0.5216346153846154 0.06490384615384616 0.10336538461538461
0 0.3605769230769231 0.5516826923076923 0.13221153846153846 0.0985576923076923
0 0.46033653846153844 0.5949519230769231 0.13221153846153846 0.10336538461538461
0 0.24759615384615385 0.6586538461538461 0.057692307692307696 0.09375
0 0.5036057692307693 0.7884615384615384 0.1875 0.12259615384615384
0 0.2764423076923077 0.7427884615384616 0.17067307692307693 0.15144230769230768
0 0.4579326923076923 0.8125 0.2620192307692308 0.19471153846153846
0 0.53125 0.8870192307692307 0.0889423076923077 0.06490384615384616
0 0.5913461538461539 0.9170673076923077 0.06490384615384616 0.057692307692307696
0 0.625 0.9567307692307693 0.07692307692307693 0.05048076923076923
