0 0.057692307692307696 0.42427884615384615 0.11538461538461539 0.1466346153846154
0 0.4230769230769231 0.6153846153846154 0.17548076923076922 0.19951923076923078
0 0.31971153846153844 0.5997596153846154 0.0985576923076923 0.11298076923076923
0 0.53125 0.45552884615384615 0.055288461538461536 0.06971153846153846
0 0.43149038461538464 0.41225961538461536 0.08413461538461539 0.08653846153846154
0 0.6069711538461539 0.5144230769230769 0.036057692307692304 0.04567307692307692
0 0.4014423076923077 0.4338942307692308 0.06971153846153846 0.08173076923076923
0 0.5444711538461539 0.5048076923076923 0.07932692307692307 0.09134615384615384
0 0.4675480769230769 0.5012019230769231 0.06971153846153846 0.06971153846153846
0 0.5661057692307693 0.6057692307692307 0.0985576923076923 0.1346153846153846
0 0.38100961538461536 0.5336538461538461 0.11057692307692307 0.10576923076923077
