0 0.7103365384615384 0.5144230769230769 0.14903846153846154 0.15144230769230768
0 0.8016826923076923 0.5024038461538461 0.13701923076923078 0.10336538461538461
0 0.7776442307692307 0.4387019230769231 0.43990384615384615 0.43990384615384615
0 0.328125 0.17307692307692307 0.12259615384615384 0.11538461538461539
0 0.7764423076923077 0.3737980769230769 0.1466346153846154 0.16105769230769232
0 0.8942307692307693 0.4254807692307692 0.1658653846153846 0.18509615384615385
0 0.6574519230769231 0.265625 0.18028846153846154 0.14903846153846154
0 0.2956730769230769 0.6177884615384616 0.13221153846153846 0.11298076923076923
0 0.328125 0.6334134615384616 0.3798076923076923 0.2932692307692308
0 0.40865384615384615 0.6634615384615384 0.1201923076923077 0.09615384615384616
0 0.2536057692307692 0.5456730769230769 0.11778846153846154 0.10576923076923077
