0 0.4735576923076923 0.6033653846153846 0.1346153846153846 0.0889423076923077
0 0.47596153846153844 0.5913461538461539 0.07211538461538461 0.040865384615384616
0 0.5612980769230769 0.5408653846153846 0.07932692307692307 0.04326923076923077
0 0.6634615384615384 0.4807692307692308 0.10336538461538461 0.07932692307692307
0 0.37259615384615385 0.5240384615384616 0.07692307692307693 0.11538461538461539
0 0.5697115384615384 0.453125 0.10817307692307693 0.11538461538461539
0 0.4338942307692308 0.4423076923076923 0.16826923076923078 0.11778846153846154
0 0.25961538461538464 0.47475961538461536 0.21153846153846154 0.12259615384615384
0 0.5084134615384616 0.3581730769230769 0.10336538461538461 0.11057692307692307
0 0.39663461538461536 0.36778846153846156 0.13221153846153846 0.1201923076923077
