0 0.3112980769230769 0.5336538461538461 0.052884615384615384 0.052884615384615384
0 0.7572115384615384 0.7007211538461539 0.0673076923076923 0.0673076923076923
0 0.9375 0.7151442307692307 0.06971153846153846 0.07451923076923077
0 0.8473557692307693 0.7211538461538461 0.11057692307692307 0.06971153846153846
0 0.25240384615384615 0.11778846153846154 0.057692307692307696 0.06009615384615385
0 0.7235576923076923 0.13221153846153846 0.08653846153846154 0.055288461538461536
0 0.22956730769230768 0.20552884615384615 0.0889423076923077 0.09375
0 0.30288461538461536 0.23677884615384615 0.0889423076923077 0.08653846153846154
0 0.5733173076923077 0.24639423076923078 0.09134615384615384 0.18028846153846154
0 0.8185096153846154 0.2692307692307692 0.33413461538461536 0.125
0 0.8473557692307693 0.27884615384615385 0.23317307692307693 0.18509615384615385
