0 0.41225961538461536 0.13221153846153846 0.052884615384615384 0.10817307692307693
0 0.3161057692307692 0.1045673076923077 0.12259615384615384 0.14903846153846154
0 0.44591346153846156 0.1658653846153846 0.11057692307692307 0.125
0 0.3473557692307692 0.16105769230769232 0.11538461538461539 0.16826923076923078
0 0.24639423076923078 0.1814903846153846 0.20432692307692307 0.15865384615384615
0 0.41225961538461536 0.23557692307692307 0.11057692307692307 0.10336538461538461
0 0.5 0.265625 0.07211538461538461 0.09375
0 0.5240384615384616 0.28725961538461536 0.06971153846153846 0.09134615384615384
0 0.2848557692307692 0.28725961538461536 0.10817307692307693 0.11538461538461539
0 0.5276442307692307 0.41947115384615385 0.13942307692307693 0.22355769230769232
0 0.039663461538461536 0.6574519230769231 0.07932692307692307 0.18509615384615385
0 0.17067307692307693 0.7091346153846154 0.18990384615384615 0.29086538461538464
0 0.046875 0.6862980769230769 0.09375 0.33413461538461536
0 0.30288461538461536 0.8004807692307693 0.1466346153846154 0.15865384615384615
0 0.21394230769230768 0.8353365384615384 0.09615384615384616 0.14423076923076922
0 0.34975961538461536 0.8942307692307693 0.0985576923076923 0.09375
0 0.036057692307692304 0.8088942307692307 0.07211538461538461 0.07932692307692307
0 0.30288461538461536 0.8942307692307693 0.06971153846153846 0.08413461538461539
0 0.11538461538461539 0.8485576923076923 0.11057692307692307 0.12259615384615384
0 0.2403846153846154 0.8954326923076923 0.10576923076923077 0.10336538461538461
