0 0.6334134615384616 0.9254807692307693 0.0889423076923077 0.08413461538461539
0 0.6322115384615384 0.4266826923076923 0.1658653846153846 0.22115384615384615
0 0.7451923076923077 0.3485576923076923 0.13701923076923078 0.20192307692307693
0 0.7355769230769231 0.3485576923076923 0.21634615384615385 0.2764423076923077
0 0.7896634615384616 0.3293269230769231 0.13221153846153846 0.12259615384615384
0 0.22956730769230768 0.47475961538461536 0.3245192307692308 0.3701923076923077
0 0.5216346153846154 0.3233173076923077 0.14423076923076922 0.21394230769230768
0 0.38822115384615385 0.35697115384615385 0.22115384615384615 0.25721153846153844
0 0.6394230769230769 0.2548076923076923 0.21153846153846154 0.16826923076923078
0 0.14543269230769232 0.3557692307692308 0.29086538461538464 0.46153846153846156
0 0.7439903846153846 0.859375 0.10096153846153846 0.07692307692307693
0 0.5120192307692307 0.8725961538461539 0.18028846153846154 0.24759615384615385
0 0.38822115384615385 0.6286057692307693 0.1875 0.18269230769230768
0 0.7403846153846154 0.4987980769230769 0.11778846153846154 0.17067307692307693
0 0.8449519230769231 0.4375 0.09615384615384616 0.10576923076923077
0 0.4963942307692308 0.4963942307692308 0.18509615384615385 0.22596153846153846
