0 0.057692307692307696 0.6911057692307693 0.07932692307692307 0.16826923076923078
0 0.5829326923076923 0.6646634615384616 0.10817307692307693 0.08413461538461539
0 0.19951923076923078 0.7211538461538461 0.10576923076923077 0.13942307692307693
0 0.421875 0.7475961538461539 0.09375 0.1658653846153846
0 0.8269230769230769 0.7620192307692307 0.14903846153846154 0.14182692307692307
0 0.5024038461538461 0.7740384615384616 0.9903846153846154 0.44711538461538464
0 0.12620192307692307 0.8209134615384616 0.14182692307692307 0.125
0 0.5721153846153846 0.8293269230769231 0.11298076923076923 0.125
0 0.296875 0.8521634615384616 0.14903846153846154 0.2283653846153846
0 0.8064903846153846 0.8762019230769231 0.2283653846153846 0.21394230769230768
0 0.49158653846153844 0.9122596153846154 0.12740384615384615 0.17067307692307693
0 0.4951923076923077 0.109375 0.13221153846153846 0.1466346153846154
0 0.765625 0.09615384615384616 0.10817307692307693 0.14182692307692307
0 0.3233173076923077 0.140625 0.12740384615384615 0.15384615384615385
0 0.890625 0.10697115384615384 0.12740384615384615 0.1658653846153846
0 0.49158653846153844 0.16466346153846154 0.9831730769230769 0.3293269230769231
0 0.6514423076923077 0.14302884615384615 0.07692307692307693 0.09615384615384616
0 0.21875 0.20793269230769232 0.09134615384615384 0.15625
0 0.07211538461538461 0.22355769230769232 0.11298076923076923 0.11778846153846154
0 0.7331730769230769 0.19230769230769232 0.13942307692307693 0.1346153846153846
0 0.2091346153846154 0.23197115384615385 0.08413461538461539 0.06971153846153846
