0 0.5841346153846154 0.6514423076923077 0.3605769230769231 0.2548076923076923
0 0.48197115384615385 0.6694711538461539 0.10576923076923077 0.15625
0 0.5432692307692307 0.5913461538461539 0.06490384615384616 0.0889423076923077
0 0.29927884615384615 0.5528846153846154 0.125 0.16826923076923078
0 0.3894230769230769 0.40625 0.33413461538461536 0.3870192307692308
0 0.6418269230769231 0.27283653846153844 0.06009615384615385 0.08653846153846154
0 0.6947115384615384 0.17067307692307693 0.1201923076923077 0.14182692307692307
0 0.6177884615384616 0.1814903846153846 0.05048076923076923 0.0625
0 0.33774038461538464 0.27524038461538464 0.23557692307692307 0.2860576923076923
0 0.057692307692307696 0.3762019230769231 0.11538461538461539 0.2091346153846154
0 0.16706730769230768 0.31009615384615385 0.20192307692307693 0.2403846153846154
0 0.6959134615384616 0.08413461538461539 0.17548076923076922 0.16826923076923078
0 0.38100961538461536 0.18269230769230768 0.24519230769230768 0.34375
0 0.5793269230769231 0.09134615384615384 0.2403846153846154 0.18269230769230768
0 0.5 0.07932692307692307 0.16826923076923078 0.15865384615384615
0 0.07451923076923077 0.24278846153846154 0.14903846153846154 0.21153846153846154
0 0.2512019230769231 0.15384615384615385 0.0889423076923077 0.1346153846153846
