0 0.3786057692307692 0.3269230769230769 0.20192307692307693 0.18269230769230768
0 0.5865384615384616 0.3581730769230769 0.15625 0.25721153846153844
0 0.7439903846153846 0.4182692307692308 0.17307692307692307 0.1778846153846154
0 0.296875 0.47716346153846156 0.15144230769230768 0.1971153846153846
0 0.1141826923076923 0.5048076923076923 0.21634615384615385 0.24278846153846154
0 0.515625 0.5252403846153846 0.7043269230769231 0.7283653846153846
0 0.4795673076923077 0.5769230769230769 0.16346153846153846 0.25
0 0.8305288461538461 0.609375 0.15144230769230768 0.32211538461538464
0 0.6778846153846154 0.6766826923076923 0.21634615384615385 0.31490384615384615
0 0.44350961538461536 0.7716346153846154 0.25721153846153844 0.28846153846153844
0 0.16947115384615385 0.8810096153846154 0.27163461538461536 0.23317307692307693
0 0.765625 0.09495192307692307 0.15144230769230768 0.18990384615384615
0 0.8641826923076923 0.10817307692307693 0.09375 0.10096153846153846
0 0.21995192307692307 0.1971153846153846 0.13701923076923078 0.1466346153846154
0 0.5384615384615384 0.19110576923076922 0.19471153846153846 0.19471153846153846
0 0.9134615384615384 0.18269230769230768 0.15384615384615385 0.2403846153846154
0 0.703125 0.23076923076923078 0.15384615384615385 0.20432692307692307
0 0.8209134615384616 0.28365384615384615 0.10096153846153846 0.17548076923076922
