0 0.6177884615384616 0.578125 0.052884615384615384 0.10096153846153846
0 0.6045673076923077 0.6057692307692307 0.12740384615384615 0.08173076923076923
0 0.4951923076923077 0.6021634615384616 0.12740384615384615 0.08653846153846154
0 0.6610576923076923 0.7512019230769231 0.04567307692307692 0.09134615384615384
0 0.375 0.7608173076923077 0.18269230769230768 0.0985576923076923
0 0.5997596153846154 0.8149038461538461 0.15865384615384615 0.13221153846153846
0 0.4050480769230769 0.8004807692307693 0.24759615384615385 0.16346153846153846
0 0.3076923076923077 0.8377403846153846 0.08653846153846154 0.052884615384615384
0 0.24158653846153846 0.8401442307692307 0.06009615384615385 0.05048076923076923
0 0.1935096153846154 0.8605769230769231 0.07451923076923077 0.040865384615384616
0 0.06370192307692307 0.8834134615384616 0.12740384615384615 0.06490384615384616
