0 0.8293269230769231 0.37740384615384615 0.014423076923076924 0.014423076923076924
0 0.7956730769230769 0.40384615384615385 0.38461538461538464 0.24278846153846154
0 0.4483173076923077 0.3269230769230769 0.18990384615384615 0.15625
0 0.35216346153846156 0.3088942307692308 0.07932692307692307 0.09134615384615384
0 0.7872596153846154 0.42788461538461536 0.09375 0.12980769230769232
0 0.671875 0.39783653846153844 0.12980769230769232 0.11538461538461539
0 0.84375 0.4483173076923077 0.07211538461538461 0.0889423076923077
0 0.20072115384615385 0.3317307692307692 0.125 0.08413461538461539
0 0.3125 0.3713942307692308 0.13221153846153846 0.1466346153846154
0 0.6081730769230769 0.5096153846153846 0.06971153846153846 0.12980769230769232
0 0.23918269230769232 0.4362980769230769 0.1875 0.15384615384615385
0 0.5084134615384616 0.5240384615384616 0.17548076923076922 0.20432692307692307
0 0.7355769230769231 0.6370192307692307 0.12259615384615384 0.15384615384615385
0 0.5600961538461539 0.6201923076923077 0.18509615384615385 0.23317307692307693
0 0.8269230769230769 0.6971153846153846 0.07932692307692307 0.0673076923076923
0 0.23317307692307693 0.5492788461538461 0.2644230769230769 0.20192307692307693
0 0.10697115384615384 0.5348557692307693 0.21394230769230768 0.3485576923076923
0 0.8918269230769231 0.7572115384615384 0.08413461538461539 0.10576923076923077
0 0.578125 0.7283653846153846 0.13701923076923078 0.14423076923076922
0 0.7536057692307693 0.8173076923076923 0.125 0.09615384615384616
0 0.33653846153846156 0.6983173076923077 0.6730769230769231 0.5504807692307693
0 0.4230769230769231 0.7355769230769231 0.17307692307692307 0.2644230769230769
0 0.2764423076923077 0.7307692307692307 0.20432692307692307 0.22355769230769232
0 0.71875 0.8786057692307693 0.21634615384615385 0.23798076923076922
0 0.10336538461538461 0.7151442307692307 0.20673076923076922 0.34375
0 0.6622596153846154 0.9122596153846154 0.10817307692307693 0.17067307692307693
0 0.8269230769230769 0.9459134615384616 0.14423076923076922 0.10336538461538461
0 0.11177884615384616 0.8004807692307693 0.14423076923076922 0.1346153846153846
