0 0.4483173076923077 0.32572115384615385 0.016826923076923076 0.0625
0 0.4206730769230769 0.36538461538461536 0.09615384615384616 0.10817307692307693
0 0.5877403846153846 0.36778846153846156 0.12259615384615384 0.10576923076923077
0 0.06971153846153846 0.49759615384615385 0.13221153846153846 0.10817307692307693
0 0.15985576923076922 0.48197115384615385 0.07451923076923077 0.07692307692307693
0 0.18870192307692307 0.5480769230769231 0.07692307692307693 0.0889423076923077
0 0.15985576923076922 0.6033653846153846 0.0985576923076923 0.08413461538461539
0 0.6334134615384616 0.5060096153846154 0.16826923076923078 0.20432692307692307
0 0.8137019230769231 0.7259615384615384 0.18990384615384615 0.20192307692307693
0 0.9495192307692307 0.7307692307692307 0.09615384615384616 0.28365384615384615
0 0.9471153846153846 0.8233173076923077 0.10096153846153846 0.18990384615384615
0 0.8533653846153846 0.8581730769230769 0.16346153846153846 0.17067307692307693
