0 0.7896634615384616 0.40625 0.0625 0.0625
0 0.7127403846153846 0.3713942307692308 0.12259615384615384 0.1466346153846154
0 0.8737980769230769 0.46274038461538464 0.09134615384615384 0.11298076923076923
0 0.34975961538461536 0.21995192307692307 0.09134615384615384 0.09134615384615384
0 0.36778846153846156 0.4411057692307692 0.10336538461538461 0.11778846153846154
0 0.17307692307692307 0.3870192307692308 0.057692307692307696 0.052884615384615384
0 0.4170673076923077 0.5853365384615384 0.07692307692307693 0.07451923076923077
0 0.29086538461538464 0.6057692307692307 0.07211538461538461 0.06971153846153846
0 0.2920673076923077 0.6165865384615384 0.06009615384615385 0.0625
0 0.6286057692307693 0.7920673076923077 0.10817307692307693 0.12740384615384615
0 0.5649038461538461 0.7824519230769231 0.10096153846153846 0.10336538461538461
0 0.7740384615384616 0.8834134615384616 0.1875 0.2283653846153846
0 0.6706730769230769 0.9362980769230769 0.10336538461538461 0.11538461538461539
0 0.43028846153846156 0.06129807692307692 0.10336538461538461 0.11298076923076923
0 0.6899038461538461 0.23317307692307693 0.08173076923076923 0.07932692307692307
