0 0.037259615384615384 0.5528846153846154 0.07451923076923077 0.1346153846153846
0 0.6081730769230769 0.7199519230769231 0.18990384615384615 0.25
0 0.1935096153846154 0.5540865384615384 0.17307692307692307 0.16346153846153846
0 0.49278846153846156 0.6622596153846154 0.40384615384615385 0.39663461538461536
0 0.7331730769230769 0.7415865384615384 0.2091346153846154 0.29086538461538464
0 0.8689903846153846 0.7596153846153846 0.07692307692307693 0.07451923076923077
0 0.11298076923076923 0.4675480769230769 0.12740384615384615 0.16346153846153846
0 0.4014423076923077 0.5649038461538461 0.17548076923076922 0.20432692307692307
0 0.5829326923076923 0.6153846153846154 0.11538461538461539 0.16105769230769232
0 0.11899038461538461 0.390625 0.08413461538461539 0.09375
0 0.6526442307692307 0.5408653846153846 0.6730769230769231 0.7163461538461539
0 0.8389423076923077 0.5805288461538461 0.13942307692307693 0.15625
0 0.6021634615384616 0.4891826923076923 0.11778846153846154 0.18028846153846154
0 0.3269230769230769 0.2764423076923077 0.15625 0.16826923076923078
0 0.8581730769230769 0.45913461538461536 0.23557692307692307 0.3605769230769231
0 0.9543269230769231 0.5024038461538461 0.08653846153846154 0.2403846153846154
0 0.18990384615384615 0.13942307692307693 0.11538461538461539 0.12980769230769232
0 0.6959134615384616 0.2403846153846154 0.23557692307692307 0.3076923076923077
0 0.9579326923076923 0.328125 0.07932692307692307 0.10336538461538461
0 0.7740384615384616 0.15625 0.08653846153846154 0.1346153846153846
0 0.13822115384615385 0.765625 0.15625 0.16346153846153846
0 0.1045673076923077 0.7007211538461539 0.09375 0.0673076923076923
0 0.46274038461538464 0.8100961538461539 0.12259615384615384 0.18028846153846154
