0 0.5096153846153846 0.6298076923076923 0.16346153846153846 0.18269230769230768
0 0.5985576923076923 0.6394230769230769 0.07692307692307693 0.19951923076923078
0 0.7632211538461539 0.6394230769230769 0.10096153846153846 0.13942307692307693
0 0.6514423076923077 0.703125 0.07692307692307693 0.11057692307692307
0 0.4098557692307692 0.78125 0.1466346153846154 0.23076923076923078
0 0.2848557692307692 0.78125 0.125 0.1346153846153846
0 0.6213942307692307 0.8149038461538461 0.07692307692307693 0.13942307692307693
0 0.546875 0.8485576923076923 0.1201923076923077 0.14423076923076922
0 0.7271634615384616 0.8509615384615384 0.15865384615384615 0.17548076923076922
0 0.4519230769230769 0.8725961538461539 0.08173076923076923 0.09615384615384616
0 0.4074519230769231 0.15144230769230768 0.09615384615384616 0.04807692307692308
0 0.6694711538461539 0.18509615384615385 0.3076923076923077 0.22596153846153846
0 0.3858173076923077 0.19951923076923078 0.25 0.18269230769230768
0 0.5637019230769231 0.24278846153846154 0.09615384615384616 0.11057692307692307
0 0.7740384615384616 0.2512019230769231 0.07211538461538461 0.04326923076923077
0 0.4543269230769231 0.2548076923076923 0.06490384615384616 0.036057692307692304
0 0.6766826923076923 0.27283653846153844 0.052884615384615384 0.04807692307692308
0 0.34134615384615385 0.29086538461538464 0.0625 0.07211538461538461
0 0.8641826923076923 0.43990384615384615 0.09615384615384616 0.12740384615384615
0 0.8040865384615384 0.4483173076923077 0.06490384615384616 0.1201923076923077
0 0.7716346153846154 0.5540865384615384 0.06490384615384616 0.09134615384615384
