0 0.38461538461538464 0.6021634615384616 0.07211538461538461 0.08173076923076923
0 0.10817307692307693 0.453125 0.10096153846153846 0.08413461538461539
0 0.6911057692307693 0.5961538461538461 0.0985576923076923 0.10096153846153846
0 0.34975961538461536 0.47836538461538464 0.3125 0.29086538461538464
0 0.37259615384615385 0.46153846153846156 0.2644230769230769 0.20192307692307693
0 0.6117788461538461 0.5300480769230769 0.1346153846153846 0.16826923076923078
0 0.7007211538461539 0.5228365384615384 0.1201923076923077 0.14182692307692307
0 0.8052884615384616 0.5492788461538461 0.0889423076923077 0.11778846153846154
0 0.14903846153846154 0.3269230769230769 0.18269230769230768 0.20673076923076922
0 0.375 0.3858173076923077 0.41586538461538464 0.46875
0 0.24759615384615385 0.2860576923076923 0.27163461538461536 0.25
0 0.9230769230769231 0.38341346153846156 0.14903846153846154 0.14182692307692307
0 0.8966346153846154 0.3605769230769231 0.11778846153846154 0.10576923076923077
0 0.41586538461538464 0.20192307692307693 0.21153846153846154 0.22596153846153846
0 0.9603365384615384 0.3701923076923077 0.07451923076923077 0.1346153846153846
0 0.19591346153846154 0.1141826923076923 0.19951923076923078 0.2283653846153846
0 0.8509615384615384 0.27403846153846156 0.18269230769230768 0.17067307692307693
0 0.33052884615384615 0.11177884615384616 0.17067307692307693 0.15144230769230768
0 0.5144230769230769 0.13221153846153846 0.13221153846153846 0.125
