0 0.5168269230769231 0.41466346153846156 0.125 0.16105769230769232
0 0.3557692307692308 0.3858173076923077 0.13701923076923078 0.15865384615384615
0 0.36899038461538464 0.3004807692307692 0.13701923076923078 0.12980769230769232
0 0.7620192307692307 0.22115384615384615 0.12740384615384615 0.11778846153846154
0 0.18870192307692307 0.31009615384615385 0.14182692307692307 0.21394230769230768
0 0.3425480769230769 0.2764423076923077 0.5817307692307693 0.35336538461538464
0 0.5 0.20552884615384615 0.125 0.13942307692307693
0 0.27403846153846156 0.24158653846153846 0.12259615384615384 0.17307692307692307
0 0.16466346153846154 0.24759615384615385 0.11057692307692307 0.14903846153846154
0 0.3088942307692308 0.16826923076923078 0.13221153846153846 0.19471153846153846
0 0.6778846153846154 0.10336538461538461 0.13701923076923078 0.19471153846153846
0 0.8293269230769231 0.0673076923076923 0.09615384615384616 0.125
0 0.5408653846153846 0.5168269230769231 0.13221153846153846 0.08173076923076923
