0 0.5192307692307693 0.6658653846153846 0.2668269230769231 0.1658653846153846
0 0.8040865384615384 0.5228365384615384 0.15865384615384615 0.18509615384615385
0 0.13221153846153846 0.33653846153846156 0.24519230769230768 0.1875
0 0.109375 0.33052884615384615 0.20673076923076922 0.25
0 0.4098557692307692 0.359375 0.12259615384615384 0.23557692307692307
0 0.8425480769230769 0.4098557692307692 0.22115384615384615 0.25
0 0.4879807692307692 0.28966346153846156 0.23076923076923078 0.1658653846153846
0 0.7475961538461539 0.28725961538461536 0.10576923076923077 0.0985576923076923
0 0.6490384615384616 0.27403846153846156 0.1466346153846154 0.10336538461538461
0 0.6754807692307693 0.1875 0.12980769230769232 0.08653846153846154
