0 0.42788461538461536 0.2776442307692308 0.30288461538461536 0.29086538461538464
0 0.2980769230769231 0.33533653846153844 0.13221153846153846 0.11298076923076923
0 0.3137019230769231 0.35697115384615385 0.17548076923076922 0.13221153846153846
0 0.12259615384615384 0.40625 0.18990384615384615 0.1658653846153846
0 0.31971153846153844 0.4050480769230769 0.31490384615384615 0.27884615384615385
0 0.4014423076923077 0.40024038461538464 0.125 0.125
0 0.6225961538461539 0.40024038461538464 0.125 0.12259615384615384
0 0.5372596153846154 0.49759615384615385 0.11778846153846154 0.14182692307692307
0 0.6201923076923077 0.515625 0.125 0.15865384615384615
0 0.49759615384615385 0.5456730769230769 0.14903846153846154 0.11298076923076923
0 0.44350961538461536 0.5889423076923077 0.09134615384615384 0.07451923076923077
0 0.8762019230769231 0.7620192307692307 0.24278846153846154 0.32211538461538464
0 0.5757211538461539 0.8725961538461539 0.20432692307692307 0.21875
0 0.4651442307692308 0.234375 0.13221153846153846 0.13701923076923078
