0 0.30528846153846156 0.7151442307692307 0.12980769230769232 0.18509615384615385
0 0.6502403846153846 0.8617788461538461 0.2860576923076923 0.20432692307692307
0 0.2548076923076923 0.7211538461538461 0.41346153846153844 0.43990384615384615
0 0.05048076923076923 0.6550480769230769 0.10096153846153846 0.2091346153846154
0 0.5072115384615384 0.9038461538461539 0.16826923076923078 0.1875
0 0.7451923076923077 0.21153846153846154 0.12980769230769232 0.14182692307692307
0 0.765625 0.23076923076923078 0.2283653846153846 0.18509615384615385
0 0.5264423076923077 0.16105769230769232 0.28846153846153844 0.22115384615384615
0 0.8774038461538461 0.46274038461538464 0.1346153846153846 0.16826923076923078
0 0.7536057692307693 0.4795673076923077 0.12980769230769232 0.16346153846153846
0 0.8762019230769231 0.6262019230769231 0.12980769230769232 0.18509615384615385
0 0.16706730769230768 0.36538461538461536 0.1875 0.17548076923076922
0 0.6418269230769231 0.5961538461538461 0.23076923076923078 0.25961538461538464
0 0.6694711538461539 0.6262019230769231 0.65625 0.7427884615384616
0 0.6790865384615384 0.7620192307692307 0.19230769230769232 0.23798076923076922
0 0.10336538461538461 0.5516826923076923 0.20673076923076922 0.4543269230769231
0 0.6370192307692307 0.7752403846153846 0.4855769230769231 0.44471153846153844
