0 0.5865384615384616 0.4963942307692308 0.14903846153846154 0.15384615384615385
0 0.7728365384615384 0.5048076923076923 0.16346153846153846 0.0985576923076923
0 0.48677884615384615 0.5697115384615384 0.3798076923076923 0.13701923076923078
0 0.055288461538461536 0.5973557692307693 0.06971153846153846 0.11298076923076923
0 0.4254807692307692 0.5853365384615384 0.21394230769230768 0.11298076923076923
0 0.04807692307692308 0.6274038461538461 0.05048076923076923 0.02403846153846154
0 0.9651442307692307 0.6225961538461539 0.06490384615384616 0.14903846153846154
0 0.3076923076923077 0.6947115384615384 0.5048076923076923 0.12740384615384615
0 0.13581730769230768 0.7319711538461539 0.14423076923076922 0.0673076923076923
0 0.48677884615384615 0.7536057692307693 0.25961538461538464 0.15865384615384615
0 0.16466346153846154 0.9411057692307693 0.2091346153846154 0.10817307692307693
0 0.3858173076923077 0.3112980769230769 0.057692307692307696 0.036057692307692304
0 0.22115384615384615 0.3233173076923077 0.18028846153846154 0.08413461538461539
0 0.4326923076923077 0.3641826923076923 0.125 0.07211538461538461
0 0.9302884615384616 0.34615384615384615 0.10817307692307693 0.052884615384615384
0 0.7692307692307693 0.38341346153846156 0.10817307692307693 0.06490384615384616
0 0.11177884615384616 0.4326923076923077 0.06490384615384616 0.04326923076923077
