0 0.41586538461538464 0.5889423076923077 0.0889423076923077 0.08653846153846154
0 0.3269230769230769 0.546875 0.10336538461538461 0.11057692307692307
0 0.6274038461538461 0.6033653846153846 0.1971153846153846 0.23317307692307693
0 0.6346153846153846 0.5961538461538461 0.24759615384615385 0.25240384615384615
0 0.390625 0.43028846153846156 0.10096153846153846 0.10096153846153846
0 0.7632211538461539 0.49759615384615385 0.07211538461538461 0.07932692307692307
0 0.6286057692307693 0.43509615384615385 0.15865384615384615 0.15625
0 0.5492788461538461 0.36538461538461536 0.8100961538461539 0.7307692307692307
0 0.5120192307692307 0.23317307692307693 0.09615384615384616 0.14423076923076922
0 0.4567307692307692 0.1875 0.10817307692307693 0.1346153846153846
0 0.41947115384615385 0.09615384615384616 0.1346153846153846 0.16105769230769232
0 0.7908653846153846 0.21995192307692307 0.1778846153846154 0.21394230769230768
0 0.5637019230769231 0.04447115384615385 0.11778846153846154 0.0889423076923077
