0 0.6730769230769231 0.19831730769230768 0.2764423076923077 0.21394230769230768
0 0.4579326923076923 0.1201923076923077 0.16105769230769232 0.1346153846153846
0 0.6298076923076923 0.25 0.5408653846153846 0.40625
0 0.6514423076923077 0.2776442307692308 0.5384615384615384 0.3894230769230769
0 0.49158653846153844 0.20793269230769232 0.13942307692307693 0.0985576923076923
0 0.6057692307692307 0.29086538461538464 0.17067307692307693 0.1346153846153846
0 0.7451923076923077 0.37259615384615385 0.1971153846153846 0.15384615384615385
0 0.8641826923076923 0.4651442307692308 0.0889423076923077 0.0625
0 0.5745192307692307 0.31971153846153844 0.14182692307692307 0.09375
0 0.32572115384615385 0.4495192307692308 0.1346153846153846 0.1346153846153846
0 0.7055288461538461 0.7620192307692307 0.2956730769230769 0.25
0 0.35096153846153844 0.6298076923076923 0.3701923076923077 0.31971153846153844
