0 0.5853365384615384 0.5108173076923077 0.16105769230769232 0.1658653846153846
0 0.7728365384615384 0.5192307692307693 0.17067307692307693 0.11057692307692307
0 0.49278846153846156 0.42908653846153844 0.3894230769230769 0.17067307692307693
0 0.06490384615384616 0.3641826923076923 0.07932692307692307 0.1201923076923077
0 0.4338942307692308 0.40865384615384615 0.22355769230769232 0.12980769230769232
0 0.06129807692307692 0.33413461538461536 0.052884615384615384 0.028846153846153848
0 0.9663461538461539 0.4206730769230769 0.0625 0.15384615384615385
0 0.3245192307692308 0.28966346153846156 0.5120192307692307 0.17067307692307693
0 0.15625 0.23798076923076922 0.14903846153846154 0.07932692307692307
0 0.5096153846153846 0.24519230769230768 0.2692307692307692 0.18028846153846154
0 0.20432692307692307 0.04807692307692308 0.22115384615384615 0.09615384615384616
0 0.3701923076923077 0.6778846153846154 0.0625 0.040865384615384616
0 0.20673076923076922 0.6514423076923077 0.18509615384615385 0.0985576923076923
0 0.4206730769230769 0.6298076923076923 0.13221153846153846 0.08413461538461539
0 0.9146634615384616 0.6899038461538461 0.11298076923076923 0.06009615384615385
0 0.7572115384615384 0.6394230769230769 0.11298076923076923 0.07451923076923077
0 0.10697115384615384 0.5324519230769231 0.0673076923076923 0.05048076923076923
