0 0.6165865384615384 0.21394230769230768 0.06009615384615385 0.055288461538461536
0 0.5324519230769231 0.21995192307692307 0.09615384615384616 0.11298076923076923
0 0.4483173076923077 0.20072115384615385 0.1346153846153846 0.14182692307692307
0 0.7920673076923077 0.30528846153846156 0.10817307692307693 0.12259615384615384
0 0.7415865384615384 0.2932692307692308 0.19471153846153846 0.1971153846153846
0 0.36778846153846156 0.18870192307692307 0.12259615384615384 0.14182692307692307
0 0.5949519230769231 0.2620192307692308 0.07211538461538461 0.057692307692307696
0 0.578125 0.27283653846153844 0.6057692307692307 0.37740384615384615
0 0.6334134615384616 0.29927884615384615 0.0889423076923077 0.11057692307692307
0 0.7740384615384616 0.3858173076923077 0.0985576923076923 0.11538461538461539
0 0.6622596153846154 0.3545673076923077 0.12980769230769232 0.11298076923076923
0 0.19591346153846154 0.5552884615384616 0.16105769230769232 0.21394230769230768
0 0.45913461538461536 0.6550480769230769 0.12259615384615384 0.13701923076923078
0 0.3016826923076923 0.6141826923076923 0.09615384615384616 0.1201923076923077
0 0.36899038461538464 0.6418269230769231 0.10096153846153846 0.14903846153846154
0 0.06129807692307692 0.5564903846153846 0.10336538461538461 0.10576923076923077
0 0.28966346153846156 0.6778846153846154 0.21394230769230768 0.25
0 0.1502403846153846 0.6418269230769231 0.15144230769230768 0.15865384615384615
0 0.22956730769230768 0.6802884615384616 0.07932692307692307 0.0889423076923077
0 0.29927884615384615 0.7079326923076923 0.08653846153846154 0.07932692307692307
0 0.33653846153846156 0.7560096153846154 0.0985576923076923 0.10817307692307693
0 0.20673076923076922 0.7848557692307693 0.14182692307692307 0.12740384615384615
0 0.6129807692307693 0.9122596153846154 0.08413461538461539 0.13701923076923078
