0 0.2536057692307692 0.6778846153846154 0.038461538461538464 0.04326923076923077
0 0.27884615384615385 0.6586538461538461 0.2091346153846154 0.18028846153846154
0 0.3088942307692308 0.6358173076923077 0.04567307692307692 0.04807692307692308
0 0.43509615384615385 0.5516826923076923 0.05048076923076923 0.05048076923076923
0 0.30528846153846156 0.6141826923076923 0.07692307692307693 0.08413461538461539
0 0.5204326923076923 0.4879807692307692 0.2860576923076923 0.2283653846153846
0 0.27163461538461536 0.6262019230769231 0.057692307692307696 0.06009615384615385
0 0.5 0.4951923076923077 0.038461538461538464 0.038461538461538464
0 0.4326923076923077 0.5096153846153846 0.08173076923076923 0.07692307692307693
0 0.5084134615384616 0.46274038461538464 0.0673076923076923 0.0625
0 0.5612980769230769 0.42788461538461536 0.06490384615384616 0.07692307692307693
0 0.5132211538461539 0.44711538461538464 0.06971153846153846 0.06490384615384616
0 0.5757211538461539 0.3954326923076923 0.055288461538461536 0.055288461538461536
0 0.7632211538461539 0.2848557692307692 0.06009615384615385 0.057692307692307696
0 0.22235576923076922 0.5853365384615384 0.04326923076923077 0.04326923076923077
0 0.19230769230769232 0.5048076923076923 0.06490384615384616 0.06971153846153846
0 0.2091346153846154 0.46153846153846156 0.12740384615384615 0.10336538461538461
