0 0.59375 0.49278846153846156 0.1466346153846154 0.1346153846153846
0 0.10817307692307693 0.38822115384615385 0.15625 0.21153846153846154
0 0.28966346153846156 0.4362980769230769 0.375 0.41586538461538464
0 0.7223557692307693 0.5576923076923077 0.09375 0.10576923076923077
0 0.24519230769230768 0.45072115384615385 0.25240384615384615 0.3245192307692308
0 0.6394230769230769 0.5901442307692307 0.07932692307692307 0.0889423076923077
0 0.5685096153846154 0.5877403846153846 0.09375 0.07211538461538461
0 0.23798076923076922 0.5120192307692307 0.14903846153846154 0.13701923076923078
0 0.38822115384615385 0.6045673076923077 0.13701923076923078 0.0889423076923077
0 0.3161057692307692 0.8100961538461539 0.23076923076923078 0.15625
0 0.9435096153846154 0.38221153846153844 0.10817307692307693 0.11057692307692307
