0 0.5132211538461539 0.15264423076923078 0.2668269230769231 0.11298076923076923
0 0.7367788461538461 0.20072115384615385 0.14903846153846154 0.07932692307692307
0 0.5216346153846154 0.21995192307692307 0.53125 0.20192307692307693
0 0.4891826923076923 0.23076923076923078 0.5384615384615384 0.18028846153846154
0 0.6622596153846154 0.25721153846153844 0.14182692307692307 0.040865384615384616
0 0.5216346153846154 0.2668269230769231 0.16346153846153846 0.07211538461538461
0 0.359375 0.2620192307692308 0.1875 0.08413461538461539
0 0.2091346153846154 0.2776442307692308 0.09134615384615384 0.026442307692307692
0 0.53125 0.3076923076923077 0.14903846153846154 0.03365384615384615
0 0.6742788461538461 0.5492788461538461 0.10576923076923077 0.10576923076923077
0 0.1875 0.6141826923076923 0.2668269230769231 0.15625
0 0.5576923076923077 0.6887019230769231 0.3293269230769231 0.20432692307692307
