0 0.41346153846153844 0.5661057692307693 0.10336538461538461 0.1201923076923077
0 0.7139423076923077 0.4987980769230769 0.0625 0.07692307692307693
0 0.34375 0.6646634615384616 0.11778846153846154 0.11538461538461539
0 0.28125 0.7271634615384616 0.10336538461538461 0.16105769230769232
0 0.5048076923076923 0.6995192307692307 0.1875 0.1658653846153846
0 0.6021634615384616 0.7103365384615384 0.09615384615384616 0.1778846153846154
0 0.39783653846153844 0.7752403846153846 0.14903846153846154 0.12740384615384615
0 0.8485576923076923 0.6682692307692307 0.125 0.14423076923076922
0 0.5600961538461539 0.8149038461538461 0.14903846153846154 0.15144230769230768
0 0.8497596153846154 0.8353365384615384 0.09375 0.10336538461538461
0 0.5817307692307693 0.31971153846153844 0.08173076923076923 0.07211538461538461
0 0.5288461538461539 0.36177884615384615 0.23798076923076922 0.16105769230769232
0 0.49399038461538464 0.3894230769230769 0.08653846153846154 0.07932692307692307
0 0.5793269230769231 0.36899038461538464 0.07932692307692307 0.0625
