0 0.3473557692307692 0.29086538461538464 0.06009615384615385 0.03365384615384615
0 0.6826923076923077 0.3125 0.125 0.07692307692307693
0 0.7391826923076923 0.34975961538461536 0.09375 0.17548076923076922
0 0.6790865384615384 0.38221153846153844 0.18990384615384615 0.19230769230769232
0 0.5769230769230769 0.38341346153846156 0.07932692307692307 0.16105769230769232
0 0.11057692307692307 0.4230769230769231 0.11298076923076923 0.05048076923076923
0 0.3918269230769231 0.4987980769230769 0.04567307692307692 0.03125
0 0.14903846153846154 0.7475961538461539 0.0625 0.04326923076923077
0 0.8713942307692307 0.8028846153846154 0.08173076923076923 0.026442307692307692
0 0.4963942307692308 0.8377403846153846 0.15384615384615385 0.08413461538461539
0 0.9543269230769231 0.8617788461538461 0.052884615384615384 0.06971153846153846
0 0.890625 0.8653846153846154 0.11057692307692307 0.09615384615384616
0 0.10697115384615384 0.8617788461538461 0.16346153846153846 0.08653846153846154
0 0.7560096153846154 0.8786057692307693 0.10817307692307693 0.07211538461538461
0 0.24158653846153846 0.8713942307692307 0.11298076923076923 0.1201923076923077
0 0.8149038461538461 0.8858173076923077 0.06009615384615385 0.08653846153846154
0 0.39663461538461536 0.8870192307692307 0.10817307692307693 0.10096153846153846
0 0.5012019230769231 0.9435096153846154 0.19951923076923078 0.10817307692307693
0 0.36778846153846156 0.10576923076923077 0.10336538461538461 0.07692307692307693
0 0.06370192307692307 0.15504807692307693 0.11057692307692307 0.09375
0 0.1875 0.1658653846153846 0.10576923076923077 0.0673076923076923
