0 0.5168269230769231 0.4855769230769231 0.15625 0.10576923076923077
0 0.33653846153846156 0.5120192307692307 0.18028846153846154 0.09134615384615384
0 0.7439903846153846 0.5180288461538461 0.18269230769230768 0.12980769230769232
0 0.08653846153846154 0.6286057692307693 0.16826923076923078 0.15384615384615385
0 0.43509615384615385 0.6177884615384616 0.8701923076923077 0.375
0 0.5204326923076923 0.6189903846153846 0.2091346153846154 0.19951923076923078
0 0.08413461538461539 0.6466346153846154 0.14423076923076922 0.16346153846153846
0 0.9495192307692307 0.6213942307692307 0.09615384615384616 0.21394230769230768
0 0.8882211538461539 0.6370192307692307 0.18990384615384615 0.24278846153846154
0 0.2704326923076923 0.6887019230769231 0.14182692307692307 0.22115384615384615
0 0.75 0.6911057692307693 0.2548076923076923 0.25
0 0.43149038461538464 0.7259615384615384 0.09375 0.2668269230769231
