0 0.5336538461538461 0.7271634615384616 0.20673076923076922 0.11538461538461539
0 0.4675480769230769 0.7367788461538461 0.07932692307692307 0.08413461538461539
0 0.5516826923076923 0.7055288461538461 0.10096153846153846 0.10336538461538461
0 0.7548076923076923 0.6550480769230769 0.22355769230769232 0.15144230769230768
0 0.6923076923076923 0.6646634615384616 0.08173076923076923 0.08413461538461539
0 0.7848557692307693 0.6418269230769231 0.11057692307692307 0.08653846153846154
0 0.8786057692307693 0.5877403846153846 0.07451923076923077 0.052884615384615384
0 0.3954326923076923 0.6610576923076923 0.057692307692307696 0.0985576923076923
0 0.3269230769230769 0.6189903846153846 0.1346153846153846 0.13942307692307693
0 0.27524038461538464 0.5841346153846154 0.1201923076923077 0.1346153846153846
0 0.6057692307692307 0.49399038461538464 0.06490384615384616 0.0985576923076923
0 0.2608173076923077 0.5360576923076923 0.23076923076923078 0.30288461538461536
0 0.25240384615384615 0.5096153846153846 0.11538461538461539 0.125
0 0.32211538461538464 0.4098557692307692 0.2283653846153846 0.17067307692307693
0 0.44591346153846156 0.36538461538461536 0.052884615384615384 0.10817307692307693
0 0.5060096153846154 0.34134615384615385 0.09375 0.12259615384615384
0 0.6262019230769231 0.2932692307692308 0.13701923076923078 0.0985576923076923
0 0.8858173076923077 0.21875 0.09615384615384616 0.09134615384615384
0 0.7884615384615384 0.21394230769230768 0.0673076923076923 0.08173076923076923
