0 0.4879807692307692 0.21634615384615385 0.11057692307692307 0.055288461538461536
0 0.5925480769230769 0.22956730769230768 0.10817307692307693 0.0889423076923077
0 0.5120192307692307 0.2548076923076923 0.31009615384615385 0.15144230769230768
0 0.5288461538461539 0.27524038461538464 0.11538461538461539 0.06971153846153846
0 0.43028846153846156 0.28966346153846156 0.09375 0.04567307692307692
0 0.6574519230769231 0.421875 0.10096153846153846 0.15865384615384615
0 0.6802884615384616 0.4495192307692308 0.17067307692307693 0.19471153846153846
0 0.609375 0.5324519230769231 0.08173076923076923 0.13701923076923078
0 0.39302884615384615 0.6478365384615384 0.17067307692307693 0.11538461538461539
0 0.5036057692307693 0.6610576923076923 0.12259615384615384 0.27163461538461536
0 0.9302884615384616 0.6622596153846154 0.11057692307692307 0.10336538461538461
0 0.8377403846153846 0.6634615384615384 0.13701923076923078 0.13942307692307693
0 0.28125 0.6959134615384616 0.14182692307692307 0.21394230769230768
0 0.7475961538461539 0.7367788461538461 0.1466346153846154 0.1778846153846154
0 0.6021634615384616 0.7451923076923077 0.125 0.15625
