0 0.47836538461538464 0.16466346153846154 0.15144230769230768 0.13942307692307693
0 0.5252403846153846 0.2091346153846154 0.47115384615384615 0.31971153846153844
0 0.5829326923076923 0.25600961538461536 0.15865384615384615 0.16826923076923078
0 0.578125 0.3112980769230769 0.09134615384615384 0.0889423076923077
0 0.6081730769230769 0.3701923076923077 0.09375 0.14423076923076922
0 0.609375 0.3762019230769231 0.08653846153846154 0.13942307692307693
0 0.5673076923076923 0.5132211538461539 0.10096153846153846 0.125
0 0.43990384615384615 0.47596153846153844 0.19951923076923078 0.19951923076923078
0 0.6334134615384616 0.5576923076923077 0.057692307692307696 0.07211538461538461
0 0.1346153846153846 0.4050480769230769 0.06009615384615385 0.06490384615384616
0 0.2824519230769231 0.4807692307692308 0.14903846153846154 0.1875
0 0.6959134615384616 0.6322115384615384 0.14423076923076922 0.1971153846153846
0 0.7548076923076923 0.6899038461538461 0.18509615384615385 0.1778846153846154
0 0.14182692307692307 0.4963942307692308 0.16826923076923078 0.1875
0 0.0673076923076923 0.48197115384615385 0.125 0.09615384615384616
0 0.6766826923076923 0.8064903846153846 0.53125 0.38221153846153844
0 0.6983173076923077 0.8689903846153846 0.1875 0.22596153846153846
0 0.09375 0.6634615384615384 0.1466346153846154 0.17307692307692307
0 0.18509615384615385 0.703125 0.11778846153846154 0.17307692307692307
0 0.6935096153846154 0.8449519230769231 0.4543269230769231 0.30528846153846156
0 0.28365384615384615 0.7860576923076923 0.24278846153846154 0.23317307692307693
