0 0.20072115384615385 0.5084134615384616 0.22596153846153846 0.2620192307692308
0 0.33413461538461536 0.30649038461538464 0.6225961538461539 0.5673076923076923
0 0.4567307692307692 0.20673076923076922 0.22355769230769232 0.2620192307692308
0 0.3088942307692308 0.27884615384615385 0.20432692307692307 0.20432692307692307
0 0.16346153846153846 0.3088942307692308 0.2403846153846154 0.27163461538461536
0 0.4387019230769231 0.9134615384615384 0.14903846153846154 0.14903846153846154
0 0.4987980769230769 0.8449519230769231 0.4110576923076923 0.30528846153846156
0 0.5324519230769231 0.8461538461538461 0.14182692307692307 0.14903846153846154
0 0.7331730769230769 0.6875 0.28846153846153844 0.25961538461538464
0 0.7139423076923077 0.6887019230769231 0.1466346153846154 0.13701923076923078
0 0.26802884615384615 0.6850961538461539 0.14903846153846154 0.18269230769230768
