0 0.7415865384615384 0.5625 0.16826923076923078 0.1971153846153846
0 0.43028846153846156 0.6802884615384616 0.22596153846153846 0.18028846153846154
0 0.27283653846153844 0.7403846153846154 0.15384615384615385 0.13942307692307693
0 0.6814903846153846 0.5709134615384616 0.35336538461538464 0.2403846153846154
0 0.14423076923076922 0.5889423076923077 0.1201923076923077 0.16105769230769232
0 0.7475961538461539 0.33052884615384615 0.09375 0.12980769230769232
0 0.23076923076923078 0.41947115384615385 0.21634615384615385 0.23798076923076922
0 0.35096153846153844 0.3233173076923077 0.19471153846153846 0.24519230769230768
0 0.5745192307692307 0.21514423076923078 0.14903846153846154 0.15384615384615385
0 0.6995192307692307 0.14182692307692307 0.21153846153846154 0.22355769230769232
