0 0.47716346153846156 0.26802884615384615 0.1778846153846154 0.07211538461538461
0 0.47475961538461536 0.31009615384615385 0.07451923076923077 0.09134615384615384
0 0.6213942307692307 0.3762019230769231 0.05048076923076923 0.09134615384615384
0 0.8389423076923077 0.5036057692307693 0.04567307692307692 0.08653846153846154
0 0.6081730769230769 0.5096153846153846 0.1201923076923077 0.18990384615384615
0 0.8125 0.5204326923076923 0.14423076923076922 0.15144230769230768
0 0.43149038461538464 0.5456730769230769 0.2548076923076923 0.1201923076923077
0 0.3173076923076923 0.5649038461538461 0.07692307692307693 0.1201923076923077
0 0.41586538461538464 0.5841346153846154 0.08413461538461539 0.07932692307692307
0 0.3713942307692308 0.6213942307692307 0.0889423076923077 0.09615384615384616
0 0.23918269230769232 0.6514423076923077 0.0625 0.10336538461538461
0 0.5805288461538461 0.6995192307692307 0.08653846153846154 0.06971153846153846
0 0.265625 0.7463942307692307 0.18509615384615385 0.21634615384615385
0 0.5108173076923077 0.7548076923076923 0.18990384615384615 0.1658653846153846
0 0.7668269230769231 0.7728365384615384 0.2403846153846154 0.18509615384615385
0 0.9266826923076923 0.9411057692307693 0.1466346153846154 0.11778846153846154
