0 0.5949519230769231 0.7223557692307693 0.38221153846153844 0.4206730769230769
0 0.1141826923076923 0.4963942307692308 0.15384615384615385 0.2091346153846154
0 0.4987980769230769 0.8197115384615384 0.1658653846153846 0.17548076923076922
0 0.609375 0.16947115384615385 0.07932692307692307 0.09375
0 0.6105769230769231 0.19230769230769232 0.30288461538461536 0.28365384615384615
0 0.4639423076923077 0.41947115384615385 0.09615384615384616 0.11298076923076923
0 0.5408653846153846 0.47115384615384615 0.0985576923076923 0.1201923076923077
0 0.8665865384615384 0.6658653846153846 0.17307692307692307 0.18509615384615385
0 0.49038461538461536 0.47596153846153844 0.07932692307692307 0.10576923076923077
0 0.7680288461538461 0.7055288461538461 0.45913461538461536 0.5841346153846154
0 0.28125 0.44471153846153844 0.15865384615384615 0.20432692307692307
0 0.41346153846153844 0.5252403846153846 0.17307692307692307 0.1778846153846154
0 0.24879807692307693 0.421875 0.49759615384615385 0.84375
0 0.5444711538461539 0.6442307692307693 0.0985576923076923 0.11298076923076923
0 0.5396634615384616 0.6706730769230769 0.65625 0.6538461538461539
