0 0.14783653846153846 0.6045673076923077 0.08173076923076923 0.09134615384615384
0 0.3401442307692308 0.6394230769230769 0.07932692307692307 0.18028846153846154
0 0.4951923076923077 0.6550480769230769 0.13701923076923078 0.15625
0 0.2403846153846154 0.6598557692307693 0.13942307692307693 0.1201923076923077
0 0.5733173076923077 0.8028846153846154 0.1658653846153846 0.1346153846153846
0 0.34375 0.8125 0.06490384615384616 0.06009615384615385
0 0.6634615384615384 0.9435096153846154 0.0673076923076923 0.08413461538461539
0 0.2824519230769231 0.3701923076923077 0.06490384615384616 0.11298076923076923
0 0.38822115384615385 0.4338942307692308 0.09615384615384616 0.10336538461538461
0 0.20072115384615385 0.46274038461538464 0.09134615384615384 0.1201923076923077
0 0.27163461538461536 0.5276442307692307 0.0985576923076923 0.16826923076923078
0 0.42908653846153844 0.5576923076923077 0.09134615384615384 0.09134615384615384
0 0.21995192307692307 0.5853365384615384 0.18509615384615385 0.4855769230769231
