0 0.49759615384615385 0.8629807692307693 0.18269230769230768 0.1466346153846154
0 0.6442307692307693 0.7860576923076923 0.11538461538461539 0.10817307692307693
0 0.8076923076923077 0.6875 0.07451923076923077 0.0673076923076923
0 0.45913461538461536 0.7680288461538461 0.1201923076923077 0.18269230769230768
0 0.3485576923076923 0.7908653846153846 0.15144230769230768 0.24759615384615385
0 0.6875 0.6802884615384616 0.20192307692307693 0.20432692307692307
0 0.4699519230769231 0.5973557692307693 0.5048076923076923 0.5336538461538461
0 0.6526442307692307 0.5228365384615384 0.34134615384615385 0.20673076923076922
0 0.6286057692307693 0.515625 0.2692307692307692 0.2692307692307692
0 0.49278846153846156 0.4362980769230769 0.2692307692307692 0.30288461538461536
0 0.10216346153846154 0.4182692307692308 0.1778846153846154 0.18509615384615385
0 0.7403846153846154 0.19471153846153846 0.13942307692307693 0.11298076923076923
0 0.6153846153846154 0.203125 0.15384615384615385 0.12980769230769232
