0 0.2247596153846154 0.7427884615384616 0.31971153846153844 0.4326923076923077
0 0.10336538461538461 0.5348557692307693 0.125 0.125
0 0.3918269230769231 0.5168269230769231 0.18990384615384615 0.23076923076923078
0 0.7199519230769231 0.44591346153846156 0.21394230769230768 0.36538461538461536
0 0.4050480769230769 0.32211538461538464 0.53125 0.6442307692307693
0 0.3605769230769231 0.2932692307692308 0.2403846153846154 0.34375
0 0.6586538461538461 0.32572115384615385 0.24759615384615385 0.3004807692307692
0 0.3942307692307692 0.14302884615384615 0.3173076923076923 0.24759615384615385
0 0.5192307692307693 0.1658653846153846 0.1466346153846154 0.28125
0 0.39783653846153844 0.06129807692307692 0.25721153846153844 0.12259615384615384
