0 0.9471153846153846 0.4483173076923077 0.10096153846153846 0.3004807692307692
0 0.8533653846153846 0.3798076923076923 0.2283653846153846 0.5841346153846154
0 0.046875 0.390625 0.09375 0.31009615384615385
0 0.546875 0.2247596153846154 0.1875 0.27403846153846156
0 0.3016826923076923 0.21394230769230768 0.11298076923076923 0.25961538461538464
0 0.1310096153846154 0.17307692307692307 0.2403846153846154 0.22355769230769232
0 0.39903846153846156 0.1045673076923077 0.23798076923076922 0.1875
0 0.5913461538461539 0.09134615384615384 0.23557692307692307 0.18269230769230768
0 0.5757211538461539 0.6622596153846154 0.31971153846153844 0.1466346153846154
0 0.21754807692307693 0.6382211538461539 0.32211538461538464 0.17548076923076922
0 0.18269230769230768 0.6370192307692307 0.15625 0.10336538461538461
0 0.5925480769230769 0.6153846153846154 0.15625 0.18990384615384615
0 0.42788461538461536 0.6033653846153846 0.10576923076923077 0.17307692307692307
