0 0.5180288461538461 0.7776442307692307 0.18990384615384615 0.11538461538461539
0 0.4579326923076923 0.7824519230769231 0.057692307692307696 0.10336538461538461
0 0.5300480769230769 0.7824519230769231 0.08413461538461539 0.08173076923076923
0 0.1310096153846154 0.7824519230769231 0.04567307692307692 0.06971153846153846
0 0.1658653846153846 0.8088942307692307 0.21394230769230768 0.14182692307692307
0 0.17427884615384615 0.8197115384615384 0.06971153846153846 0.08653846153846154
0 0.11658653846153846 0.8485576923076923 0.07451923076923077 0.07451923076923077
0 0.4795673076923077 0.14302884615384615 0.11538461538461539 0.19471153846153846
0 0.38100961538461536 0.2512019230769231 0.21153846153846154 0.2403846153846154
0 0.7103365384615384 0.2512019230769231 0.07692307692307693 0.10336538461538461
0 0.11298076923076923 0.35697115384615385 0.20673076923076922 0.15384615384615385
0 0.15625 0.4170673076923077 0.0985576923076923 0.18269230769230768
0 0.5612980769230769 0.5144230769230769 0.13221153846153846 0.2403846153846154
0 0.3798076923076923 0.5396634615384616 0.08413461538461539 0.0985576923076923
0 0.4483173076923077 0.5685096153846154 0.16346153846153846 0.13221153846153846
