0 0.43028846153846156 0.3545673076923077 0.052884615384615384 0.036057692307692304
0 0.5492788461538461 0.36778846153846156 0.04326923076923077 0.028846153846153848
0 0.4579326923076923 0.40024038461538464 0.09134615384615384 0.0889423076923077
0 0.8870192307692307 0.6514423076923077 0.14423076923076922 0.13221153846153846
0 0.49399038461538464 0.6730769230769231 0.19230769230769232 0.1658653846153846
0 0.7199519230769231 0.7019230769230769 0.12740384615384615 0.08653846153846154
0 0.7067307692307693 0.7151442307692307 0.1658653846153846 0.14182692307692307
0 0.7139423076923077 0.7620192307692307 0.5673076923076923 0.36538461538461536
0 0.9110576923076923 0.8100961538461539 0.17307692307692307 0.15865384615384615
0 0.6838942307692307 0.8713942307692307 0.14423076923076922 0.08413461538461539
0 0.7115384615384616 0.9122596153846154 0.17067307692307693 0.12740384615384615
0 0.7608173076923077 0.9639423076923077 0.07451923076923077 0.05048076923076923
0 0.9867788461538461 0.9639423076923077 0.021634615384615384 0.038461538461538464
