0 0.8413461538461539 0.20793269230769232 0.20192307692307693 0.23317307692307693
0 0.7271634615384616 0.2824519230769231 0.21634615384615385 0.19471153846153846
0 0.2536057692307692 0.5252403846153846 0.40625 0.3798076923076923
0 0.4735576923076923 0.43990384615384615 0.2980769230769231 0.3004807692307692
0 0.9254807692307693 0.2920673076923077 0.08653846153846154 0.11778846153846154
0 0.6622596153846154 0.40625 0.19471153846153846 0.1778846153846154
0 0.9507211538461539 0.42788461538461536 0.09375 0.1201923076923077
0 0.28966346153846156 0.7079326923076923 0.32211538461538464 0.23076923076923078
0 0.8689903846153846 0.609375 0.25721153846153844 0.4254807692307692
0 0.8473557692307693 0.7872596153846154 0.3004807692307692 0.29086538461538464
