0 0.7884615384615384 0.5612980769230769 0.057692307692307696 0.09615384615384616
0 0.4050480769230769 0.6478365384615384 0.3701923076923077 0.4567307692307692
0 0.38822115384615385 0.65625 0.08173076923076923 0.13221153846153846
0 0.4362980769230769 0.6911057692307693 0.06009615384615385 0.06971153846153846
0 0.7115384615384616 0.6778846153846154 0.08653846153846154 0.15144230769230768
0 0.3954326923076923 0.75 0.09134615384615384 0.10817307692307693
0 0.6502403846153846 0.7115384615384616 0.17067307692307693 0.27403846153846156
0 0.7908653846153846 0.7079326923076923 0.08413461538461539 0.11778846153846154
0 0.6394230769230769 0.7608173076923077 0.14423076923076922 0.21634615384615385
0 0.734375 0.8112980769230769 0.0889423076923077 0.16105769230769232
0 0.9447115384615384 0.8149038461538461 0.10576923076923077 0.20192307692307693
0 0.4423076923076923 0.4074519230769231 0.0625 0.08173076923076923
0 0.1201923076923077 0.5132211538461539 0.14903846153846154 0.1346153846153846
0 0.3293269230769231 0.53125 0.07211538461538461 0.0985576923076923
0 0.4362980769230769 0.5528846153846154 0.11298076923076923 0.12259615384615384
0 0.6153846153846154 0.5372596153846154 0.036057692307692304 0.05048076923076923
