0 0.7848557692307693 0.4230769230769231 0.055288461538461536 0.09615384615384616
0 0.39783653846153844 0.35697115384615385 0.35336538461538464 0.44471153846153844
0 0.3798076923076923 0.34975961538461536 0.07692307692307693 0.12980769230769232
0 0.4266826923076923 0.3125 0.057692307692307696 0.06971153846153846
0 0.703125 0.3112980769230769 0.07932692307692307 0.14903846153846154
0 0.38221153846153844 0.2548076923076923 0.08653846153846154 0.10576923076923077
0 0.6394230769230769 0.2800480769230769 0.15865384615384615 0.2692307692307692
0 0.7800480769230769 0.2776442307692308 0.07692307692307693 0.11538461538461539
0 0.625 0.23197115384615385 0.13701923076923078 0.21153846153846154
0 0.7175480769230769 0.1778846153846154 0.08173076923076923 0.15865384615384615
0 0.9375 0.16105769230769232 0.1201923076923077 0.1971153846153846
0 0.44711538461538464 0.5961538461538461 0.06009615384615385 0.07932692307692307
0 0.1201923076923077 0.5060096153846154 0.14423076923076922 0.12980769230769232
0 0.328125 0.47836538461538464 0.0673076923076923 0.09615384615384616
0 0.4338942307692308 0.45072115384615385 0.10817307692307693 0.1201923076923077
0 0.6129807692307693 0.4567307692307692 0.03365384615384615 0.04807692307692308
