0 0.05889423076923077 0.5252403846153846 0.11778846153846154 0.30528846153846156
0 0.13822115384615385 0.44350961538461536 0.2764423076923077 0.6033653846153846
0 0.9314903846153846 0.3125 0.12740384615384615 0.3125
0 0.40625 0.23798076923076922 0.21394230769230768 0.29086538461538464
0 0.6466346153846154 0.18389423076923078 0.13942307692307693 0.2692307692307692
0 0.8064903846153846 0.11899038461538461 0.2620192307692308 0.23798076923076922
0 0.5300480769230769 0.09975961538461539 0.25721153846153844 0.19951923076923078
0 0.3401442307692308 0.11057692307692307 0.25 0.20673076923076922
0 0.4543269230769231 0.6730769230769231 0.3317307692307692 0.1778846153846154
0 0.8028846153846154 0.5877403846153846 0.33653846153846156 0.20673076923076922
0 0.8365384615384616 0.5805288461538461 0.1658653846153846 0.11778846153846154
0 0.42788461538461536 0.6298076923076923 0.17548076923076922 0.20432692307692307
0 0.5889423076923077 0.5889423076923077 0.12259615384615384 0.18269230769230768
