0 0.2860576923076923 0.7103365384615384 0.12259615384615384 0.25240384615384615
0 0.38822115384615385 0.8209134615384616 0.12740384615384615 0.28365384615384615
0 0.25240384615384615 0.8425480769230769 0.06971153846153846 0.18990384615384615
0 0.5096153846153846 0.13581730769230768 0.036057692307692304 0.08173076923076923
0 0.5516826923076923 0.18509615384615385 0.0625 0.09375
0 0.2824519230769231 0.3737980769230769 0.10576923076923077 0.25961538461538464
0 0.15264423076923078 0.3870192307692308 0.04567307692307692 0.17067307692307693
0 0.17067307692307693 0.5348557692307693 0.0625 0.2644230769230769
0 0.055288461538461536 0.5504807692307693 0.055288461538461536 0.39663461538461536
0 0.4483173076923077 0.6262019230769231 0.10817307692307693 0.2956730769230769
