0 0.78125 0.4567307692307692 0.036057692307692304 0.057692307692307696
0 0.8185096153846154 0.4338942307692308 0.29086538461538464 0.14182692307692307
0 0.5552884615384616 0.44711538461538464 0.03125 0.03365384615384615
0 0.8533653846153846 0.41586538461538464 0.04807692307692308 0.0673076923076923
0 0.6502403846153846 0.41947115384615385 0.4831730769230769 0.1466346153846154
0 0.5877403846153846 0.41225961538461536 0.25961538461538464 0.1971153846153846
0 0.9266826923076923 0.3918269230769231 0.036057692307692304 0.040865384615384616
0 0.7608173076923077 0.40024038461538464 0.038461538461538464 0.055288461538461536
0 0.45552884615384615 0.39903846153846156 0.04326923076923077 0.038461538461538464
0 0.26802884615384615 0.34375 0.055288461538461536 0.06009615384615385
0 0.8353365384615384 0.30649038461538464 0.06490384615384616 0.06009615384615385
0 0.5769230769230769 0.27884615384615385 0.09375 0.12980769230769232
0 0.3641826923076923 0.2608173076923077 0.0985576923076923 0.12259615384615384
0 0.421875 0.2536057692307692 0.25721153846153844 0.21875
0 0.04326923076923077 0.27283653846153844 0.040865384615384616 0.09615384615384616
0 0.12139423076923077 0.2403846153846154 0.21153846153846154 0.1778846153846154
0 0.5288461538461539 0.21394230769230768 0.3701923076923077 0.42788461538461536
0 0.296875 0.20552884615384615 0.44471153846153844 0.40625
0 0.4963942307692308 0.09375 0.06971153846153846 0.09615384615384616
