0 0.5661057692307693 0.2536057692307692 0.08173076923076923 0.07932692307692307
0 0.6225961538461539 0.2824519230769231 0.31971153846153844 0.0985576923076923
0 0.6610576923076923 0.28846153846153844 0.09375 0.07932692307692307
0 0.7403846153846154 0.5096153846153846 0.07451923076923077 0.09615384615384616
0 0.8894230769230769 0.6069711538461539 0.16346153846153846 0.18990384615384615
0 0.6887019230769231 0.6586538461538461 0.5120192307692307 0.17307692307692307
0 0.7403846153846154 0.6586538461538461 0.0985576923076923 0.10817307692307693
0 0.78125 0.6598557692307693 0.1658653846153846 0.17548076923076922
0 0.45552884615384615 0.7463942307692307 0.5240384615384616 0.25721153846153844
0 0.5685096153846154 0.7512019230769231 0.11298076923076923 0.08413461538461539
