0 0.5480769230769231 0.7872596153846154 0.10576923076923077 0.10096153846153846
0 0.8401442307692307 0.6610576923076923 0.09615384615384616 0.12259615384615384
0 0.16105769230769232 0.9002403846153846 0.1346153846153846 0.17067307692307693
0 0.6899038461538461 0.7055288461538461 0.0625 0.07211538461538461
0 0.2824519230769231 0.8509615384615384 0.18028846153846154 0.1346153846153846
0 0.42427884615384615 0.7908653846153846 0.16346153846153846 0.15865384615384615
0 0.8016826923076923 0.6526442307692307 0.06971153846153846 0.055288461538461536
0 0.7139423076923077 0.6778846153846154 0.04807692307692308 0.0625
0 0.7415865384615384 0.6598557692307693 0.07692307692307693 0.07692307692307693
0 0.5120192307692307 0.7427884615384616 0.0985576923076923 0.09615384615384616
0 0.6454326923076923 0.6911057692307693 0.057692307692307696 0.0625
0 0.14543269230769232 0.8725961538461539 0.10817307692307693 0.12259615384615384
0 0.5709134615384616 0.7163461538461539 0.09375 0.08413461538461539
0 0.6850961538461539 0.40384615384615385 0.0625 0.08653846153846154
0 0.7944711538461539 0.3545673076923077 0.11538461538461539 0.16105769230769232
0 0.6995192307692307 0.33653846153846156 0.0889423076923077 0.0985576923076923
0 0.7283653846153846 0.28125 0.09615384615384616 0.13221153846153846
0 0.6682692307692307 0.2920673076923077 0.12740384615384615 0.12980769230769232
0 0.8353365384615384 0.22956730769230768 0.15144230769230768 0.18269230769230768
0 0.7728365384615384 0.22235576923076922 0.07451923076923077 0.0985576923076923
0 0.5961538461538461 0.23798076923076922 0.08173076923076923 0.0625
0 0.8389423076923077 0.1310096153846154 0.1346153846153846 0.12980769230769232
0 0.5985576923076923 0.125 0.20192307692307693 0.19230769230769232
0 0.5444711538461539 0.1310096153846154 0.1346153846153846 0.20432692307692307
0 0.4699519230769231 0.9110576923076923 0.1875 0.17548076923076922
0 0.3173076923076923 0.9507211538461539 0.11057692307692307 0.09375
0 0.65625 0.8413461538461539 0.12740384615384615 0.13701923076923078
0 0.6875 0.7884615384615384 0.09375 0.09134615384615384
0 0.3641826923076923 0.8990384615384616 0.16826923076923078 0.14182692307692307
0 0.78125 0.7319711538461539 0.12740384615384615 0.0985576923076923
0 0.6009615384615384 0.7752403846153846 0.10096153846153846 0.10096153846153846
