0 0.38461538461538464 0.53125 0.0673076923076923 0.07211538461538461
0 0.5336538461538461 0.38100961538461536 0.07692307692307693 0.08173076923076923
0 0.5733173076923077 0.36899038461538464 0.07451923076923077 0.0673076923076923
0 0.3798076923076923 0.1622596153846154 0.17067307692307693 0.18509615384615385
0 0.38461538461538464 0.11298076923076923 0.08413461538461539 0.09375
0 0.47475961538461536 0.15745192307692307 0.16826923076923078 0.16826923076923078
0 0.8377403846153846 0.3762019230769231 0.31971153846153844 0.49278846153846156
0 0.9699519230769231 0.4387019230769231 0.055288461538461536 0.2091346153846154
0 0.6778846153846154 0.21754807692307693 0.09375 0.11538461538461539
0 0.6502403846153846 0.19591346153846154 0.13701923076923078 0.18028846153846154
0 0.84375 0.2860576923076923 0.125 0.14182692307692307
0 0.59375 0.14302884615384615 0.09615384615384616 0.12259615384615384
0 0.5444711538461539 0.11298076923076923 0.11298076923076923 0.125
0 0.7211538461538461 0.18990384615384615 0.15144230769230768 0.21634615384615385
0 0.8665865384615384 0.18028846153846154 0.11538461538461539 0.10817307692307693
