0 0.5012019230769231 0.3954326923076923 0.1971153846153846 0.07211538461538461
0 0.2512019230769231 0.3798076923076923 0.22115384615384615 0.06490384615384616
0 0.5985576923076923 0.5144230769230769 0.08413461538461539 0.038461538461538464
0 0.054086538461538464 0.484375 0.0985576923076923 0.05048076923076923
0 0.4206730769230769 0.5276442307692307 0.13221153846153846 0.06490384615384616
0 0.7788461538461539 0.5600961538461539 0.14423076923076922 0.052884615384615384
0 0.21875 0.5228365384615384 0.0985576923076923 0.052884615384615384
0 0.3786057692307692 0.5384615384615384 0.7572115384615384 0.19471153846153846
0 0.18269230769230768 0.5384615384615384 0.23557692307692307 0.10576923076923077
0 0.5817307692307693 0.5661057692307693 0.13701923076923078 0.0625
