0 0.6081730769230769 0.5108173076923077 0.1201923076923077 0.12980769230769232
0 0.3425480769230769 0.3557692307692308 0.07211538461538461 0.08173076923076923
0 0.7271634615384616 0.4855769230769231 0.12740384615384615 0.12740384615384615
0 0.8149038461538461 0.4831730769230769 0.12740384615384615 0.16346153846153846
0 0.6322115384615384 0.35096153846153844 0.19951923076923078 0.1875
0 0.5685096153846154 0.2764423076923077 0.12740384615384615 0.17548076923076922
0 0.7620192307692307 0.36778846153846156 0.15865384615384615 0.1466346153846154
0 0.359375 0.13942307692307693 0.14182692307692307 0.15384615384615385
0 0.6706730769230769 0.2283653846153846 0.16346153846153846 0.1658653846153846
0 0.4723557692307692 0.037259615384615384 0.10817307692307693 0.07451923076923077
0 0.31850961538461536 0.5757211538461539 0.0889423076923077 0.08173076923076923
0 0.38461538461538464 0.5817307692307693 0.24278846153846154 0.1971153846153846
0 0.42908653846153844 0.5853365384615384 0.09375 0.0889423076923077
0 0.35216346153846156 0.5420673076923077 0.08413461538461539 0.07451923076923077
