0 0.3942307692307692 0.6730769230769231 0.12740384615384615 0.14182692307692307
0 0.29086538461538464 0.6021634615384616 0.17067307692307693 0.1658653846153846
0 0.4987980769230769 0.7103365384615384 0.14423076923076922 0.12740384615384615
0 0.3954326923076923 0.5048076923076923 0.11057692307692307 0.10576923076923077
0 0.4807692307692308 0.45913461538461536 0.12980769230769232 0.125
0 0.5673076923076923 0.44711538461538464 0.7163461538461539 0.8942307692307693
0 0.20432692307692307 0.10336538461538461 0.14423076923076922 0.15625
0 0.5456730769230769 0.234375 0.19951923076923078 0.2283653846153846
0 0.9158653846153846 0.4074519230769231 0.1346153846153846 0.12259615384615384
0 0.4254807692307692 0.09014423076923077 0.2403846153846154 0.18028846153846154
0 0.6694711538461539 0.1814903846153846 0.2668269230769231 0.2860576923076923
0 0.9711538461538461 0.38100961538461536 0.052884615384615384 0.19951923076923078
0 0.4879807692307692 0.8389423076923077 0.09375 0.08653846153846154
