0 0.3076923076923077 0.7247596153846154 0.16105769230769232 0.21634615384615385
0 0.41947115384615385 0.7223557692307693 0.12259615384615384 0.19951923076923078
0 0.5396634615384616 0.7055288461538461 0.22596153846153846 0.39903846153846156
0 0.7512019230769231 0.7115384615384616 0.11778846153846154 0.18269230769230768
0 0.5600961538461539 0.828125 0.3894230769230769 0.3173076923076923
0 0.3870192307692308 0.8822115384615384 0.25961538461538464 0.23076923076923078
0 0.15625 0.23798076923076922 0.11298076923076923 0.11778846153846154
0 0.2439903846153846 0.2512019230769231 0.33653846153846156 0.27403846153846156
0 0.3545673076923077 0.23798076923076922 0.08653846153846154 0.10576923076923077
0 0.5216346153846154 0.19591346153846154 0.2764423076923077 0.21634615384615385
0 0.484375 0.2283653846153846 0.10336538461538461 0.1201923076923077
0 0.2439903846153846 0.6466346153846154 0.17307692307692307 0.3942307692307692
