0 0.4723557692307692 0.7319711538461539 0.3125 0.3004807692307692
0 0.6129807692307693 0.7355769230769231 0.13701923076923078 0.11778846153846154
0 0.609375 0.7079326923076923 0.18028846153846154 0.13942307692307693
0 0.8016826923076923 0.7439903846153846 0.19471153846153846 0.17307692307692307
0 0.6225961538461539 0.6622596153846154 0.3245192307692308 0.28846153846153844
0 0.5480769230769231 0.6322115384615384 0.12980769230769232 0.12980769230769232
0 0.34615384615384615 0.5384615384615384 0.12980769230769232 0.12740384615384615
0 0.4651442307692308 0.48677884615384615 0.12259615384615384 0.14423076923076922
0 0.39783653846153844 0.43509615384615385 0.12980769230769232 0.16346153846153846
0 0.5216346153846154 0.45913461538461536 0.15144230769230768 0.1201923076923077
0 0.5889423076923077 0.4423076923076923 0.09375 0.07692307692307693
0 0.25600961538461536 0.13221153846153846 0.29086538461538464 0.2644230769230769
0 0.5889423076923077 0.1310096153846154 0.21153846153846154 0.22596153846153846
0 0.41947115384615385 0.7548076923076923 0.1346153846153846 0.14182692307692307
