0 0.46634615384615385 0.7223557692307693 0.19471153846153846 0.09375
0 0.47596153846153844 0.6790865384615384 0.057692307692307696 0.07451923076923077
0 0.6201923076923077 0.6189903846153846 0.04807692307692308 0.07451923076923077
0 0.6730769230769231 0.6141826923076923 0.06971153846153846 0.07692307692307693
0 0.6081730769230769 0.48677884615384615 0.09615384615384616 0.11298076923076923
0 0.75 0.49038461538461536 0.07692307692307693 0.1346153846153846
0 0.8653846153846154 0.46875 0.23076923076923078 0.18990384615384615
0 0.41466346153846156 0.4170673076923077 0.07211538461538461 0.0889423076923077
0 0.6634615384615384 0.3798076923076923 0.10817307692307693 0.12259615384615384
0 0.4411057692307692 0.27884615384615385 0.36538461538461536 0.3389423076923077
0 0.7896634615384616 0.3016826923076923 0.2091346153846154 0.4254807692307692
0 0.3112980769230769 0.2620192307692308 0.22115384615384615 0.21394230769230768
0 0.6009615384615384 0.2668269230769231 0.15384615384615385 0.10096153846153846
0 0.4723557692307692 0.22115384615384615 0.14182692307692307 0.14423076923076922
0 0.7752403846153846 0.21754807692307693 0.16105769230769232 0.11778846153846154
0 0.9603365384615384 0.0889423076923077 0.07451923076923077 0.11538461538461539
