0 0.5012019230769231 0.7319711538461539 0.23317307692307693 0.11298076923076923
0 0.4098557692307692 0.7319711538461539 0.07932692307692307 0.08173076923076923
0 0.5432692307692307 0.7139423076923077 0.18028846153846154 0.10096153846153846
0 0.3605769230769231 0.6286057692307693 0.0625 0.12259615384615384
0 0.36899038461538464 0.5829326923076923 0.07692307692307693 0.19951923076923078
0 0.21634615384615385 0.5444711538461539 0.11538461538461539 0.13942307692307693
0 0.07091346153846154 0.5144230769230769 0.0673076923076923 0.1658653846153846
0 0.6141826923076923 0.4579326923076923 0.09134615384615384 0.20432692307692307
0 0.46875 0.44711538461538464 0.1658653846153846 0.1875
0 0.07451923076923077 0.4338942307692308 0.10817307692307693 0.24519230769230768
0 0.4338942307692308 0.4074519230769231 0.13942307692307693 0.17548076923076922
0 0.30528846153846156 0.3425480769230769 0.19471153846153846 0.6634615384615384
0 0.5805288461538461 0.27524038461538464 0.1658653846153846 0.24759615384615385
0 0.31490384615384615 0.25961538461538464 0.6201923076923077 0.5192307692307693
0 0.11177884615384616 0.2512019230769231 0.20432692307692307 0.2283653846153846
0 0.2536057692307692 0.22956730769230768 0.2860576923076923 0.43990384615384615
0 0.2608173076923077 0.2091346153846154 0.08653846153846154 0.1971153846153846
0 0.4795673076923077 0.1466346153846154 0.09615384615384616 0.12980769230769232
0 0.31490384615384615 0.12860576923076922 0.11778846153846154 0.23557692307692307
0 0.6754807692307693 0.08653846153846154 0.16346153846153846 0.17307692307692307
0 0.5372596153846154 0.07932692307692307 0.10817307692307693 0.15865384615384615
