0 0.03245192307692308 0.6057692307692307 0.055288461538461536 0.15625
0 0.47836538461538464 0.47716346153846156 0.25 0.23076923076923078
0 0.7776442307692307 0.4338942307692308 0.22596153846153846 0.15384615384615385
0 0.2644230769230769 0.4651442307692308 0.1658653846153846 0.19951923076923078
0 0.18870192307692307 0.4098557692307692 0.37740384615384615 0.4206730769230769
0 0.07692307692307693 0.36778846153846156 0.15384615384615385 0.23076923076923078
0 0.7980769230769231 0.2860576923076923 0.19230769230769232 0.21394230769230768
0 0.18509615384615385 0.33413461538461536 0.17067307692307693 0.18509615384615385
0 0.4050480769230769 0.22716346153846154 0.28365384615384615 0.2956730769230769
0 0.625 0.20192307692307693 0.30288461538461536 0.35096153846153844
0 0.7824519230769231 0.11298076923076923 0.31009615384615385 0.22596153846153846
0 0.8329326923076923 0.09014423076923077 0.16105769230769232 0.15144230769230768
0 0.23076923076923078 0.8990384615384616 0.16105769230769232 0.10336538461538461
0 0.4411057692307692 0.875 0.10817307692307693 0.09375
0 0.4050480769230769 0.8762019230769231 0.6153846153846154 0.2403846153846154
0 0.3798076923076923 0.8149038461538461 0.14423076923076922 0.12259615384615384
0 0.5769230769230769 0.7896634615384616 0.125 0.08653846153846154
0 0.43990384615384615 0.765625 0.0889423076923077 0.08173076923076923
