0 0.20192307692307693 0.39903846153846156 0.057692307692307696 0.11298076923076923
0 0.4375 0.40625 0.11538461538461539 0.12740384615384615
0 0.12620192307692307 0.44591346153846156 0.06490384615384616 0.09615384615384616
0 0.27524038461538464 0.46033653846153844 0.06009615384615385 0.0673076923076923
0 0.3605769230769231 0.5649038461538461 0.17067307692307693 0.18509615384615385
0 0.36538461538461536 0.6358173076923077 0.6177884615384616 0.6153846153846154
0 0.18389423076923078 0.6598557692307693 0.10096153846153846 0.13942307692307693
0 0.08774038461538461 0.6658653846153846 0.0625 0.055288461538461536
0 0.7524038461538461 0.7487980769230769 0.11778846153846154 0.15865384615384615
0 0.22355769230769232 0.8257211538461539 0.09375 0.1201923076923077
0 0.2932692307692308 0.8509615384615384 0.0985576923076923 0.14182692307692307
0 0.859375 0.8858173076923077 0.125 0.13221153846153846
0 0.5324519230769231 0.9002403846153846 0.03365384615384615 0.12740384615384615
0 0.15384615384615385 0.9038461538461539 0.07211538461538461 0.10336538461538461
