0 0.39903846153846156 0.30649038461538464 0.040865384615384616 0.038461538461538464
0 0.32091346153846156 0.31009615384615385 0.06490384615384616 0.06971153846153846
0 0.359375 0.35697115384615385 0.028846153846153848 0.02403846153846154
0 0.6262019230769231 0.4963942307692308 0.07692307692307693 0.07451923076923077
0 0.2091346153846154 0.3329326923076923 0.07211538461538461 0.07451923076923077
0 0.3557692307692308 0.4230769230769231 0.052884615384615384 0.07211538461538461
0 0.3557692307692308 0.4266826923076923 0.04567307692307692 0.04567307692307692
0 0.6466346153846154 0.5552884615384616 0.16105769230769232 0.1778846153846154
0 0.43509615384615385 0.47836538461538464 0.0985576923076923 0.11057692307692307
0 0.6682692307692307 0.5829326923076923 0.06971153846153846 0.08173076923076923
0 0.6394230769230769 0.5721153846153846 0.040865384615384616 0.040865384615384616
0 0.10697115384615384 0.38822115384615385 0.06009615384615385 0.0625
0 0.3545673076923077 0.5300480769230769 0.07211538461538461 0.07692307692307693
0 0.8052884615384616 0.7391826923076923 0.08653846153846154 0.06490384615384616
0 0.19591346153846154 0.48677884615384615 0.10817307692307693 0.06971153846153846
0 0.59375 0.6586538461538461 0.09375 0.10096153846153846
0 0.2932692307692308 0.5588942307692307 0.4014423076923077 0.49759615384615385
0 0.18990384615384615 0.5528846153846154 0.3798076923076923 0.4807692307692308
0 0.6009615384615384 0.7463942307692307 0.09615384615384616 0.10576923076923077
0 0.3016826923076923 0.6598557692307693 0.07451923076923077 0.0625
0 0.8365384615384616 0.890625 0.10817307692307693 0.12740384615384615
0 0.6790865384615384 0.8317307692307693 0.07932692307692307 0.10096153846153846
0 0.703125 0.8052884615384616 0.4735576923076923 0.38461538461538464
0 0.75 0.9098557692307693 0.15144230769230768 0.1658653846153846
0 0.21033653846153846 0.6887019230769231 0.06971153846153846 0.07451923076923077
0 0.6117788461538461 0.8930288461538461 0.0985576923076923 0.10096153846153846
0 0.21153846153846154 0.7896634615384616 0.055288461538461536 0.04807692307692308
0 0.054086538461538464 0.7247596153846154 0.10817307692307693 0.13701923076923078
0 0.32211538461538464 0.24278846153846154 0.055288461538461536 0.040865384615384616
0 0.37259615384615385 0.2704326923076923 0.055288461538461536 0.05048076923076923
