0 0.28725961538461536 0.7451923076923077 0.11057692307692307 0.0673076923076923
0 0.453125 0.7644230769230769 0.08653846153846154 0.052884615384615384
0 0.17307692307692307 0.71875 0.12259615384615384 0.07451923076923077
0 0.38100961538461536 0.7439903846153846 0.4879807692307692 0.15625
0 0.5084134615384616 0.7608173076923077 0.0985576923076923 0.036057692307692304
0 0.34975961538461536 0.7283653846153846 0.09615384615384616 0.057692307692307696
0 0.46634615384615385 0.7259615384615384 0.17307692307692307 0.0673076923076923
0 0.22115384615384615 0.6634615384615384 0.11778846153846154 0.04807692307692308
0 0.7295673076923077 0.5649038461538461 0.23798076923076922 0.12259615384615384
0 0.14182692307692307 0.46153846153846156 0.21875 0.13221153846153846
0 0.3112980769230769 0.4723557692307692 0.20192307692307693 0.14182692307692307
0 0.8677884615384616 0.5168269230769231 0.25961538461538464 0.12740384615384615
0 0.484375 0.4519230769230769 0.21394230769230768 0.1346153846153846
