0 0.8677884615384616 0.41225961538461536 0.12740384615384615 0.14182692307692307
0 0.48677884615384615 0.6850961538461539 0.11298076923076923 0.11538461538461539
0 0.2512019230769231 0.8413461538461539 0.0673076923076923 0.08173076923076923
0 0.9302884615384616 0.5024038461538461 0.1346153846153846 0.15384615384615385
0 0.41466346153846156 0.8052884615384616 0.07932692307692307 0.08173076923076923
0 0.4987980769230769 0.7632211538461539 0.11538461538461539 0.14423076923076922
0 0.36778846153846156 0.8894230769230769 0.0889423076923077 0.09615384615384616
0 0.4831730769230769 0.8353365384615384 0.036057692307692304 0.052884615384615384
0 0.5961538461538461 0.8088942307692307 0.057692307692307696 0.057692307692307696
0 0.8389423076923077 0.6802884615384616 0.25 0.23557692307692307
0 0.6129807692307693 0.8918269230769231 0.12980769230769232 0.14423076923076922
0 0.7704326923076923 0.8088942307692307 0.13942307692307693 0.18028846153846154
0 0.6995192307692307 0.8665865384615384 0.1466346153846154 0.17548076923076922
0 0.546875 0.9435096153846154 0.15625 0.10817307692307693
0 0.45552884615384615 0.23076923076923078 0.30288461538461536 0.2620192307692308
0 0.6129807692307693 0.15384615384615385 0.1778846153846154 0.18028846153846154
0 0.5348557692307693 0.21153846153846154 0.10817307692307693 0.11778846153846154
0 0.46274038461538464 0.25721153846153844 0.11298076923076923 0.11298076923076923
0 0.6177884615384616 0.17427884615384615 0.10096153846153846 0.10576923076923077
0 0.4050480769230769 0.3016826923076923 0.06009615384615385 0.06971153846153846
0 0.8882211538461539 0.34375 0.09615384615384616 0.0985576923076923
