0 0.8858173076923077 0.5564903846153846 0.15865384615384615 0.14903846153846154
0 0.5216346153846154 0.42908653846153844 0.125 0.12980769230769232
0 0.1935096153846154 0.3233173076923077 0.16346153846153846 0.16105769230769232
0 0.7355769230769231 0.375 0.18269230769230768 0.22596153846153846
0 0.3485576923076923 0.23557692307692307 0.18509615384615385 0.2956730769230769
0 0.9038461538461539 0.4110576923076923 0.1875 0.1875
0 0.53125 0.27884615384615385 0.1971153846153846 0.19471153846153846
0 0.1310096153846154 0.16105769230769232 0.18028846153846154 0.32211538461538464
0 0.2403846153846154 0.13701923076923078 0.16105769230769232 0.25240384615384615
0 0.26322115384615385 0.6418269230769231 0.06971153846153846 0.0889423076923077
0 0.8317307692307693 0.7932692307692307 0.18028846153846154 0.125
0 0.5733173076923077 0.7079326923076923 0.21875 0.16346153846153846
0 0.5913461538461539 0.7091346153846154 0.07692307692307693 0.08413461538461539
0 0.24759615384615385 0.5973557692307693 0.24759615384615385 0.17307692307692307
0 0.8028846153846154 0.7668269230769231 0.04567307692307692 0.055288461538461536
0 0.8689903846153846 0.7848557692307693 0.057692307692307696 0.0625
0 0.23918269230769232 0.5793269230769231 0.10576923076923077 0.10096153846153846
0 0.3161057692307692 0.59375 0.09134615384615384 0.11057692307692307
0 0.5132211538461539 0.5264423076923077 0.11778846153846154 0.18509615384615385
