0 0.4230769230769231 0.2848557692307692 0.12259615384615384 0.10817307692307693
0 0.36177884615384615 0.3125 0.18509615384615385 0.16346153846153846
0 0.3076923076923077 0.34975961538461536 0.0625 0.052884615384615384
0 0.21754807692307693 0.41346153846153844 0.08413461538461539 0.0673076923076923
0 0.18269230769230768 0.4362980769230769 0.18269230769230768 0.12740384615384615
0 0.16706730769230768 0.4423076923076923 0.07932692307692307 0.055288461538461536
0 0.13341346153846154 0.4651442307692308 0.07211538461538461 0.0673076923076923
0 0.4807692307692308 0.3401442307692308 0.25 0.19951923076923078
0 0.3016826923076923 0.41947115384615385 0.16826923076923078 0.14903846153846154
0 0.6033653846153846 0.31850961538461536 0.0889423076923077 0.08653846153846154
0 0.4963942307692308 0.39903846153846156 0.13701923076923078 0.10576923076923077
0 0.6911057692307693 0.3293269230769231 0.07211538461538461 0.057692307692307696
0 0.6105769230769231 0.3894230769230769 0.12740384615384615 0.13221153846153846
0 0.5372596153846154 0.4387019230769231 0.12259615384615384 0.13221153846153846
0 0.4519230769230769 0.48677884615384615 0.16105769230769232 0.1346153846153846
0 0.65625 0.47716346153846156 0.17548076923076922 0.16105769230769232
0 0.6995192307692307 0.7067307692307693 0.09134615384615384 0.08413461538461539
0 0.5949519230769231 0.7560096153846154 0.09375 0.10576923076923077
0 0.4543269230769231 0.8125 0.08653846153846154 0.07451923076923077
0 0.7848557692307693 0.7259615384615384 0.18990384615384615 0.13942307692307693
0 0.9134615384615384 0.7716346153846154 0.16826923076923078 0.16346153846153846
0 0.36177884615384615 0.24519230769230768 0.07692307692307693 0.06971153846153846
