0 0.44350961538461536 0.5997596153846154 0.09134615384615384 0.0889423076923077
0 0.5709134615384616 0.6418269230769231 0.1201923076923077 0.07692307692307693
0 0.32091346153846156 0.7043269230769231 0.04567307692307692 0.057692307692307696
0 0.546875 0.6502403846153846 0.06490384615384616 0.057692307692307696
0 0.42427884615384615 0.6814903846153846 0.07692307692307693 0.07932692307692307
0 0.43028846153846156 0.6826923076923077 0.43028846153846156 0.19230769230769232
0 0.7355769230769231 0.6165865384615384 0.038461538461538464 0.057692307692307696
0 0.8846153846153846 0.5925480769230769 0.08653846153846154 0.10096153846153846
0 0.8161057692307693 0.6117788461538461 0.026442307692307692 0.026442307692307692
0 0.7283653846153846 0.6502403846153846 0.14182692307692307 0.12980769230769232
