0 0.4543269230769231 0.7055288461538461 0.04567307692307692 0.0625
0 0.45072115384615385 0.703125 0.040865384615384616 0.0673076923076923
0 0.5180288461538461 0.7007211538461539 0.2764423076923077 0.09134615384615384
0 0.5997596153846154 0.6995192307692307 0.05048076923076923 0.0673076923076923
0 0.45552884615384615 0.6911057692307693 0.10576923076923077 0.06971153846153846
0 0.5721153846153846 0.6911057692307693 0.12740384615384615 0.09615384615384616
0 0.5564903846153846 0.6887019230769231 0.05048076923076923 0.0625
0 0.30528846153846156 0.5588942307692307 0.03365384615384615 0.055288461538461536
0 0.2620192307692308 0.5 0.2644230769230769 0.27403846153846156
0 0.16466346153846154 0.4699519230769231 0.07692307692307693 0.07451923076923077
0 0.23798076923076922 0.45072115384615385 0.04807692307692308 0.07211538461538461
0 0.7139423076923077 0.47475961538461536 0.11057692307692307 0.31490384615384615
0 0.18509615384615385 0.4230769230769231 0.03365384615384615 0.05048076923076923
0 0.4987980769230769 0.42908653846153844 0.3485576923076923 0.10096153846153846
0 0.4831730769230769 0.42427884615384615 0.05048076923076923 0.055288461538461536
0 0.6322115384615384 0.43028846153846156 0.0673076923076923 0.07451923076923077
0 0.546875 0.4254807692307692 0.052884615384615384 0.1201923076923077
0 0.421875 0.41947115384615385 0.052884615384615384 0.0625
0 0.48197115384615385 0.40625 0.05048076923076923 0.0673076923076923
