0 0.23677884615384615 0.7848557692307693 0.06971153846153846 0.09134615384615384
0 0.5913461538461539 0.6153846153846154 0.14903846153846154 0.16826923076923078
0 0.8521634615384616 0.5913461538461539 0.29086538461538464 0.5240384615384616
0 0.17908653846153846 0.18870192307692307 0.18990384615384615 0.15865384615384615
0 0.5336538461538461 0.8653846153846154 0.22596153846153846 0.2644230769230769
0 0.6298076923076923 0.8365384615384616 0.21634615384615385 0.28846153846153844
0 0.5096153846153846 0.14543269230769232 0.5384615384615384 0.29086538461538464
0 0.41586538461538464 0.13701923076923078 0.2283653846153846 0.25721153846153844
0 0.078125 0.3401442307692308 0.15625 0.1466346153846154
0 0.6574519230769231 0.12379807692307693 0.2091346153846154 0.24759615384615385
0 0.1622596153846154 0.5324519230769231 0.15865384615384615 0.21394230769230768
0 0.15865384615384615 0.5480769230769231 0.3173076923076923 0.41346153846153844
0 0.08173076923076923 0.6153846153846154 0.12980769230769232 0.18028846153846154
0 0.18389423076923078 0.5901442307692307 0.36778846153846156 0.4110576923076923
0 0.33052884615384615 0.5204326923076923 0.17067307692307693 0.28365384615384615
0 0.47475961538461536 0.5961538461538461 0.2403846153846154 0.28846153846153844
0 0.3389423076923077 0.6971153846153846 0.11298076923076923 0.1346153846153846
