0 0.3233173076923077 0.6802884615384616 0.14903846153846154 0.23076923076923078
0 0.2644230769230769 0.7596153846153846 0.1346153846153846 0.14182692307692307
0 0.18028846153846154 0.8737980769230769 0.15865384615384615 0.17307692307692307
0 0.515625 0.1045673076923077 0.19230769230769232 0.2091346153846154
0 0.3545673076923077 0.17908653846153846 0.10336538461538461 0.12740384615384615
0 0.30528846153846156 0.2247596153846154 0.12980769230769232 0.15865384615384615
0 0.5528846153846154 0.16706730769230768 0.4951923076923077 0.33413461538461536
0 0.16826923076923078 0.3004807692307692 0.21875 0.2403846153846154
0 0.3161057692307692 0.2439903846153846 0.25240384615384615 0.2764423076923077
0 0.6706730769230769 0.12259615384615384 0.25 0.24519230769230768
0 0.20072115384615385 0.3269230769230769 0.17548076923076922 0.16826923076923078
0 0.4543269230769231 0.23197115384615385 0.19230769230769232 0.1875
0 0.5540865384615384 0.20072115384615385 0.1466346153846154 0.1658653846153846
0 0.32211538461538464 0.3329326923076923 0.12740384615384615 0.08413461538461539
0 0.2127403846153846 0.6622596153846154 0.10336538461538461 0.13942307692307693
