0 0.5528846153846154 0.3293269230769231 0.3798076923076923 0.5985576923076923
0 0.78125 0.2608173076923077 0.10817307692307693 0.46153846153846156
0 0.37740384615384615 0.1201923076923077 0.22596153846153846 0.2403846153846154
0 0.21754807692307693 0.7668269230769231 0.24278846153846154 0.21394230769230768
0 0.44711538461538464 0.7692307692307693 0.1658653846153846 0.30528846153846156
0 0.1971153846153846 0.7403846153846154 0.21394230769230768 0.12740384615384615
0 0.19471153846153846 0.5180288461538461 0.10817307692307693 0.0985576923076923
0 0.39783653846153844 0.4987980769230769 0.5504807692307693 0.9975961538461539
0 0.8112980769230769 0.5012019230769231 0.14423076923076922 0.22355769230769232
0 0.3581730769230769 0.39663461538461536 0.3125 0.47836538461538464
