0 0.7788461538461539 0.6550480769230769 0.1201923076923077 0.13701923076923078
0 0.27163461538461536 0.65625 0.18269230769230768 0.10576923076923077
0 0.2764423076923077 0.6634615384615384 0.052884615384615384 0.014423076923076924
0 0.21153846153846154 0.6658653846153846 0.07692307692307693 0.04326923076923077
0 0.8161057692307693 0.6658653846153846 0.038461538461538464 0.08653846153846154
0 0.6129807692307693 0.6754807692307693 0.14903846153846154 0.11298076923076923
0 0.5144230769230769 0.6814903846153846 0.0625 0.08653846153846154
0 0.8737980769230769 0.6826923076923077 0.052884615384615384 0.04326923076923077
0 0.6790865384615384 0.6850961538461539 0.09615384615384616 0.07692307692307693
0 0.44471153846153844 0.6875 0.038461538461538464 0.04807692307692308
0 0.34134615384615385 0.5084134615384616 0.026442307692307692 0.019230769230769232
0 0.7043269230769231 0.5192307692307693 0.026442307692307692 0.016826923076923076
0 0.7463942307692307 0.5252403846153846 0.02403846153846154 0.016826923076923076
0 0.6514423076923077 0.5336538461538461 0.052884615384615384 0.019230769230769232
0 0.6574519230769231 0.5360576923076923 0.04807692307692308 0.02403846153846154
0 0.5877403846153846 0.5360576923076923 0.04326923076923077 0.026442307692307692
0 0.5336538461538461 0.5432692307692307 0.036057692307692304 0.016826923076923076
0 0.3088942307692308 0.5444711538461539 0.02403846153846154 0.03365384615384615
0 0.6490384615384616 0.6069711538461539 0.04326923076923077 0.04567307692307692
0 0.2776442307692308 0.6237980769230769 0.04807692307692308 0.055288461538461536
0 0.5144230769230769 0.6358173076923077 0.0673076923076923 0.0985576923076923
0 0.40625 0.6418269230769231 0.11298076923076923 0.08653846153846154
