0 0.6742788461538461 0.7439903846153846 0.22596153846153846 0.2620192307692308
0 0.4326923076923077 0.7295673076923077 0.625 0.5360576923076923
0 0.28125 0.6995192307692307 0.22355769230769232 0.2620192307692308
0 0.4230769230769231 0.7824519230769231 0.20432692307692307 0.20432692307692307
0 0.5300480769230769 0.8737980769230769 0.24278846153846154 0.24759615384615385
0 0.8774038461538461 0.31971153846153844 0.14903846153846154 0.14903846153846154
0 0.8028846153846154 0.29086538461538464 0.3894230769230769 0.3701923076923077
0 0.7680288461538461 0.27884615384615385 0.14182692307692307 0.14903846153846154
0 0.5252403846153846 0.20192307692307693 0.28846153846153844 0.25961538461538464
0 0.5360576923076923 0.21754807692307693 0.1466346153846154 0.13701923076923078
0 0.7836538461538461 0.5889423076923077 0.14903846153846154 0.18269230769230768
