0 0.5793269230769231 0.5637019230769231 0.07211538461538461 0.0625
0 0.14783653846153846 0.6959134615384616 0.04807692307692308 0.04326923076923077
0 0.4639423076923077 0.5649038461538461 0.0673076923076923 0.07692307692307693
0 0.9146634615384616 0.41346153846153844 0.055288461538461536 0.057692307692307696
0 0.3401442307692308 0.5973557692307693 0.040865384615384616 0.03125
0 0.21514423076923078 0.6322115384615384 0.07211538461538461 0.05048076923076923
0 0.1935096153846154 0.5637019230769231 0.0673076923076923 0.04807692307692308
0 0.5396634615384616 0.4495192307692308 0.08173076923076923 0.06490384615384616
0 0.4795673076923077 0.4411057692307692 0.05048076923076923 0.04326923076923077
0 0.7175480769230769 0.3557692307692308 0.11538461538461539 0.12740384615384615
0 0.16947115384615385 0.5132211538461539 0.10817307692307693 0.10336538461538461
0 0.5516826923076923 0.33413461538461536 0.06009615384615385 0.04807692307692308
0 0.47115384615384615 0.35697115384615385 0.10336538461538461 0.0985576923076923
0 0.5048076923076923 0.3425480769230769 0.1875 0.19230769230769232
0 0.21754807692307693 0.43028846153846156 0.10096153846153846 0.10817307692307693
0 0.27163461538461536 0.4098557692307692 0.10096153846153846 0.09615384615384616
0 0.6057692307692307 0.29927884615384615 0.09375 0.0985576923076923
0 0.7728365384615384 0.22235576923076922 0.11538461538461539 0.12259615384615384
0 0.6153846153846154 0.3269230769230769 0.7644230769230769 0.6538461538461539
0 0.057692307692307696 0.4014423076923077 0.11538461538461539 0.17307692307692307
0 0.6141826923076923 0.2091346153846154 0.0625 0.07692307692307693
0 0.5180288461538461 0.22716346153846154 0.08413461538461539 0.07932692307692307
0 0.6514423076923077 0.18269230769230768 0.20673076923076922 0.22355769230769232
0 0.15865384615384615 0.31971153846153844 0.12980769230769232 0.16826923076923078
0 0.15504807692307693 0.31490384615384615 0.16346153846153846 0.12740384615384615
0 0.33653846153846156 0.23918269230769232 0.08653846153846154 0.09134615384615384
0 0.3401442307692308 0.22716346153846154 0.27163461538461536 0.2692307692307692
0 0.39302884615384615 0.21033653846153846 0.10336538461538461 0.12740384615384615
0 0.7800480769230769 0.109375 0.2668269230769231 0.21875
0 0.025240384615384616 0.27403846153846156 0.05048076923076923 0.09134615384615384
