0 0.5420673076923077 0.40865384615384615 0.11538461538461539 0.18509615384615385
0 0.6129807692307693 0.41466346153846156 0.13221153846153846 0.15144230769230768
0 0.4230769230769231 0.28966346153846156 0.15384615384615385 0.1658653846153846
0 0.3557692307692308 0.7007211538461539 0.1346153846153846 0.15144230769230768
0 0.5048076923076923 0.7019230769230769 0.13221153846153846 0.17307692307692307
0 0.23317307692307693 0.6201923076923077 0.15144230769230768 0.15384615384615385
0 0.4326923076923077 0.6322115384615384 0.0889423076923077 0.15144230769230768
0 0.39903846153846156 0.5997596153846154 0.47836538461538464 0.5456730769230769
0 0.6430288461538461 0.6009615384615384 0.1201923076923077 0.19951923076923078
0 0.7079326923076923 0.5745192307692307 0.37259615384615385 0.5793269230769231
0 0.33774038461538464 0.4567307692307692 0.14903846153846154 0.19471153846153846
0 0.8341346153846154 0.5072115384615384 0.17067307692307693 0.14182692307692307
