0 0.46634615384615385 0.7884615384615384 0.10336538461538461 0.0985576923076923
0 0.16826923076923078 0.6790865384615384 0.09134615384615384 0.12259615384615384
0 0.8581730769230769 0.8822115384615384 0.12740384615384615 0.17067307692307693
0 0.32091346153846156 0.7151442307692307 0.06009615384615385 0.06971153846153846
0 0.7355769230769231 0.8389423076923077 0.1778846153846154 0.12740384615384615
0 0.5913461538461539 0.7872596153846154 0.15865384615384615 0.15384615384615385
0 0.20673076923076922 0.6682692307692307 0.06971153846153846 0.052884615384615384
0 0.2956730769230769 0.6887019230769231 0.04567307692307692 0.0625
0 0.26802884615384615 0.6730769230769231 0.07692307692307693 0.07451923076923077
0 0.5012019230769231 0.7427884615384616 0.09615384615384616 0.09375
0 0.36538461538461536 0.6983173076923077 0.055288461538461536 0.0625
0 0.8713942307692307 0.8533653846153846 0.10336538461538461 0.1201923076923077
0 0.43990384615384615 0.71875 0.09134615384615384 0.07932692307692307
0 0.31009615384615385 0.41466346153846156 0.057692307692307696 0.08653846153846154
0 0.19831730769230768 0.3701923076923077 0.10817307692307693 0.16105769230769232
0 0.2932692307692308 0.3473557692307692 0.08413461538461539 0.09615384615384616
0 0.2608173076923077 0.2932692307692308 0.09134615384615384 0.13221153846153846
0 0.32091346153846156 0.3004807692307692 0.125 0.12740384615384615
0 0.15144230769230768 0.24759615384615385 0.14423076923076922 0.18028846153846154
0 0.21394230769230768 0.23677884615384615 0.06971153846153846 0.0985576923076923
0 0.3894230769230769 0.2439903846153846 0.08173076923076923 0.06009615384615385
0 0.14182692307692307 0.14903846153846154 0.13221153846153846 0.12740384615384615
0 0.38221153846153844 0.1310096153846154 0.1971153846153846 0.1875
0 0.4362980769230769 0.13341346153846154 0.12740384615384615 0.20432692307692307
0 0.5516826923076923 0.9098557692307693 0.18269230769230768 0.17067307692307693
0 0.7079326923076923 0.9459134615384616 0.10817307692307693 0.10336538461538461
0 0.36177884615384615 0.8485576923076923 0.125 0.1346153846153846
0 0.328125 0.7980769230769231 0.09134615384615384 0.0889423076923077
0 0.6574519230769231 0.890625 0.1658653846153846 0.13701923076923078
0 0.23076923076923078 0.7463942307692307 0.12740384615384615 0.09375
0 0.41346153846153844 0.7800480769230769 0.0985576923076923 0.0985576923076923
