0 0.9615384615384616 0.3701923076923077 0.0625 0.15865384615384615
0 0.5228365384615384 0.5216346153846154 0.25721153846153844 0.2403846153846154
0 0.22596153846153846 0.5817307692307693 0.23317307692307693 0.1658653846153846
0 0.7367788461538461 0.5216346153846154 0.17548076923076922 0.20432692307692307
0 0.8088942307692307 0.5745192307692307 0.37740384615384615 0.4375
0 0.9230769230769231 0.6105769230769231 0.14903846153846154 0.23557692307692307
0 0.21394230769230768 0.7295673076923077 0.19951923076923078 0.22115384615384615
0 0.8233173076923077 0.6490384615384616 0.1778846153846154 0.19230769230769232
0 0.609375 0.7680288461538461 0.2956730769230769 0.3076923076923077
0 0.3918269230769231 0.8040865384615384 0.31971153846153844 0.3629807692307692
0 0.23918269230769232 0.890625 0.31971153846153844 0.21394230769230768
0 0.18870192307692307 0.921875 0.17067307692307693 0.15144230769230768
0 0.7487980769230769 0.08653846153846154 0.16346153846153846 0.11057692307692307
0 0.5384615384615384 0.12259615384615384 0.11057692307692307 0.0985576923076923
0 0.5757211538461539 0.12860576923076922 0.6225961538461539 0.25721153846153844
0 0.6033653846153846 0.17908653846153846 0.14903846153846154 0.12740384615384615
0 0.40865384615384615 0.21514423076923078 0.12980769230769232 0.09134615384615384
0 0.5456730769230769 0.23076923076923078 0.09134615384615384 0.08653846153846154
