0 0.8665865384615384 0.28846153846153844 0.06490384615384616 0.125
0 0.2283653846153846 0.8161057692307693 0.35096153846153844 0.3629807692307692
0 0.5096153846153846 0.8329326923076923 0.21394230769230768 0.28125
0 0.6911057692307693 0.06971153846153846 0.09375 0.11057692307692307
0 0.6418269230769231 0.9302884615384616 0.18269230769230768 0.12980769230769232
0 0.6838942307692307 0.12139423076923077 0.33413461538461536 0.24278846153846154
0 0.7644230769230769 0.11057692307692307 0.12259615384615384 0.17548076923076922
0 0.5877403846153846 0.15504807692307693 0.1201923076923077 0.1658653846153846
0 0.27283653846153844 0.21754807692307693 0.13701923076923078 0.15144230769230768
0 0.14423076923076922 0.25721153846153844 0.1466346153846154 0.15144230769230768
