0 0.4170673076923077 0.4639423076923077 0.29086538461538464 0.27403846153846156
0 0.32211538461538464 0.4206730769230769 0.1971153846153846 0.28125
0 0.14543269230769232 0.359375 0.12980769230769232 0.18269230769230768
0 0.05889423076923077 0.3293269230769231 0.04567307692307692 0.06971153846153846
0 0.1346153846153846 0.36899038461538464 0.2692307692307692 0.31490384615384615
0 0.36658653846153844 0.4891826923076923 0.42788461538461536 0.4254807692307692
0 0.2692307692307692 0.49278846153846156 0.33653846153846156 0.36778846153846156
0 0.4795673076923077 0.6490384615384616 0.25721153846153844 0.2956730769230769
0 0.046875 0.5036057692307693 0.09375 0.16105769230769232
0 0.32211538461538464 0.6478365384615384 0.6225961538461539 0.6971153846153846
0 0.08533653846153846 0.5637019230769231 0.15144230769230768 0.23317307692307693
0 0.37740384615384615 0.7175480769230769 0.33413461538461536 0.38461538461538464
0 0.19471153846153846 0.6334134615384616 0.0889423076923077 0.1201923076923077
0 0.3425480769230769 0.7127403846153846 0.6850961538461539 0.5697115384615384
0 0.05889423076923077 0.6646634615384616 0.11778846153846154 0.2956730769230769
0 0.5901442307692307 0.8978365384615384 0.30528846153846156 0.19951923076923078
