0 0.21394230769230768 0.6298076923076923 0.10336538461538461 0.0889423076923077
0 0.21754807692307693 0.6658653846153846 0.15625 0.2620192307692308
0 0.46033653846153844 0.7115384615384616 0.11057692307692307 0.057692307692307696
0 0.22956730769230768 0.7403846153846154 0.06971153846153846 0.06971153846153846
0 0.44711538461538464 0.39663461538461536 0.1971153846153846 0.04807692307692308
0 0.6514423076923077 0.44471153846153844 0.09615384615384616 0.03365384615384615
0 0.5336538461538461 0.47115384615384615 0.1658653846153846 0.052884615384615384
0 0.6911057692307693 0.4987980769230769 0.10817307692307693 0.052884615384615384
0 0.7992788461538461 0.5588942307692307 0.12259615384615384 0.10336538461538461
0 0.6959134615384616 0.5625 0.11298076923076923 0.06971153846153846
0 0.5396634615384616 0.5637019230769231 0.17307692307692307 0.13221153846153846
0 0.6514423076923077 0.5673076923076923 0.47836538461538464 0.25721153846153844
0 0.21875 0.5721153846153846 0.13942307692307693 0.06490384615384616
0 0.41346153846153844 0.5889423076923077 0.12740384615384615 0.16826923076923078
0 0.7019230769230769 0.6033653846153846 0.08653846153846154 0.06490384615384616
0 0.6105769230769231 0.6129807692307693 0.125 0.06490384615384616
