0 0.41346153846153844 0.5276442307692307 0.28125 0.25961538461538464
0 0.31490384615384615 0.5600961538461539 0.17548076923076922 0.28365384615384615
0 0.13341346153846154 0.6033653846153846 0.11538461538461539 0.18509615384615385
0 0.04326923076923077 0.6237980769230769 0.038461538461538464 0.06971153846153846
0 0.12379807692307693 0.5925480769230769 0.24759615384615385 0.31009615384615385
0 0.36538461538461536 0.4963942307692308 0.4110576923076923 0.40865384615384615
0 0.2704326923076923 0.4831730769230769 0.3173076923076923 0.3581730769230769
0 0.4951923076923077 0.34975961538461536 0.2403846153846154 0.29086538461538464
0 0.04567307692307692 0.4483173076923077 0.09134615384615384 0.16105769230769232
0 0.3389423076923077 0.3389423076923077 0.5865384615384616 0.6778846153846154
0 0.09375 0.39302884615384615 0.13221153846153846 0.23798076923076922
0 0.4014423076923077 0.27163461538461536 0.3125 0.37740384615384615
0 0.21033653846153846 0.33533653846153844 0.07932692307692307 0.12259615384615384
0 0.3557692307692308 0.25961538461538464 0.7115384615384616 0.5192307692307693
0 0.06370192307692307 0.28365384615384615 0.12740384615384615 0.2932692307692308
0 0.6370192307692307 0.10576923076923077 0.28846153846153844 0.21153846153846154
