0 0.6430288461538461 0.19951923076923078 0.08413461538461539 0.10576923076923077
0 0.7259615384615384 0.22596153846153846 0.15144230769230768 0.15384615384615385
0 0.7403846153846154 0.2403846153846154 0.5144230769230769 0.4807692307692308
0 0.8665865384615384 0.22235576923076922 0.14182692307692307 0.1778846153846154
0 0.6490384615384616 0.10576923076923077 0.17067307692307693 0.16105769230769232
0 0.7872596153846154 0.14543269230769232 0.1466346153846154 0.15625
0 0.44471153846153844 0.039663461538461536 0.18269230769230768 0.07932692307692307
0 0.37259615384615385 0.014423076923076924 0.13942307692307693 0.028846153846153848
0 0.921875 0.15384615384615385 0.15144230769230768 0.10096153846153846
0 0.4483173076923077 0.6502403846153846 0.23076923076923078 0.27403846153846156
0 0.8689903846153846 0.7740384615384616 0.17067307692307693 0.22596153846153846
0 0.6754807692307693 0.6947115384615384 0.1971153846153846 0.18269230769230768
0 0.4423076923076923 0.5673076923076923 0.15384615384615385 0.16346153846153846
0 0.5961538461538461 0.6165865384615384 0.16105769230769232 0.21875
0 0.30649038461538464 0.4963942307692308 0.16105769230769232 0.16105769230769232
0 0.3245192307692308 0.5024038461538461 0.3918269230769231 0.27884615384615385
0 0.2091346153846154 0.4375 0.14182692307692307 0.10336538461538461
0 0.36658653846153844 0.46033653846153844 0.11778846153846154 0.11057692307692307
0 0.7475961538461539 0.5865384615384616 0.3317307692307692 0.28365384615384615
0 0.546875 0.390625 0.11538461538461539 0.13221153846153846
0 0.7620192307692307 0.40865384615384615 0.14903846153846154 0.19951923076923078
0 0.9134615384615384 0.36658653846153844 0.16826923076923078 0.30528846153846156
