0 0.44711538461538464 0.6706730769230769 0.3798076923076923 0.5985576923076923
0 0.21875 0.7391826923076923 0.10817307692307693 0.46153846153846156
0 0.6225961538461539 0.8786057692307693 0.22596153846153846 0.23798076923076922
0 0.7824519230769231 0.23317307692307693 0.24278846153846154 0.21394230769230768
0 0.5528846153846154 0.23076923076923078 0.1658653846153846 0.30528846153846156
0 0.8028846153846154 0.25961538461538464 0.21394230769230768 0.12740384615384615
0 0.8052884615384616 0.48197115384615385 0.10817307692307693 0.0985576923076923
0 0.6033653846153846 0.4987980769230769 0.5480769230769231 0.9975961538461539
0 0.18870192307692307 0.4987980769230769 0.14423076923076922 0.22355769230769232
0 0.6418269230769231 0.6033653846153846 0.3125 0.47836538461538464
