0 0.49399038461538464 0.21875 0.11298076923076923 0.18269230769230768
0 0.6778846153846154 0.29447115384615385 0.08653846153846154 0.10336538461538461
0 0.2764423076923077 0.2608173076923077 0.17307692307692307 0.15384615384615385
0 0.7776442307692307 0.44350961538461536 0.43990384615384615 0.5408653846153846
0 0.9338942307692307 0.5048076923076923 0.12740384615384615 0.33653846153846156
0 0.29086538461538464 0.3401442307692308 0.5817307692307693 0.6802884615384616
0 0.109375 0.3161057692307692 0.21875 0.3389423076923077
0 0.5841346153846154 0.49038461538461536 0.18990384615384615 0.25
0 0.5817307692307693 0.5024038461538461 0.21875 0.28125
0 0.1875 0.39903846153846156 0.14423076923076922 0.16105769230769232
0 0.8401442307692307 0.6454326923076923 0.18509615384615385 0.2283653846153846
0 0.29086538461538464 0.5925480769230769 0.1466346153846154 0.23076923076923078
0 0.39663461538461536 0.6646634615384616 0.23557692307692307 0.43028846153846156
0 0.8665865384615384 0.8269230769230769 0.19951923076923078 0.34134615384615385
0 0.7115384615384616 0.8197115384615384 0.22596153846153846 0.2548076923076923
0 0.6334134615384616 0.8990384615384616 0.23317307692307693 0.1971153846153846
0 0.5204326923076923 0.11177884615384616 0.15144230769230768 0.18269230769230768
0 0.7572115384615384 0.24278846153846154 0.10336538461538461 0.14903846153846154
0 0.890625 0.29086538461538464 0.15625 0.24759615384615385
