0 0.28846153846153844 0.10576923076923077 0.21394230769230768 0.14182692307692307
0 0.6262019230769231 0.1971153846153846 0.1658653846153846 0.15384615384615385
0 0.3233173076923077 0.3161057692307692 0.1778846153846154 0.17307692307692307
0 0.14543269230769232 0.28365384615384615 0.12980769230769232 0.11778846153846154
0 0.7596153846153846 0.4831730769230769 0.13221153846153846 0.14182692307692307
0 0.9158653846153846 0.5600961538461539 0.11538461538461539 0.1346153846153846
0 0.12620192307692307 0.3954326923076923 0.15144230769230768 0.10336538461538461
0 0.4987980769230769 0.4987980769230769 0.9975961538461539 0.9975961538461539
0 0.25240384615384615 0.484375 0.14423076923076922 0.12980769230769232
0 0.6634615384615384 0.6298076923076923 0.14182692307692307 0.13942307692307693
0 0.05048076923076923 0.5961538461538461 0.10096153846153846 0.23557692307692307
0 0.578125 0.7487980769230769 0.1346153846153846 0.14423076923076922
0 0.7692307692307693 0.8040865384615384 0.21394230769230768 0.1778846153846154
0 0.7247596153846154 0.7956730769230769 0.08173076923076923 0.11778846153846154
0 0.28365384615384615 0.7151442307692307 0.13701923076923078 0.10576923076923077
0 0.30649038461538464 0.7776442307692307 0.5552884615384616 0.43990384615384615
0 0.5300480769230769 0.8569711538461539 0.13701923076923078 0.21394230769230768
0 0.1935096153846154 0.8100961538461539 0.12980769230769232 0.13701923076923078
0 0.18028846153846154 0.8245192307692307 0.3605769230769231 0.28846153846153844
0 0.7824519230769231 0.9555288461538461 0.24759615384615385 0.08413461538461539
