0 0.49278846153846156 0.16346153846153846 0.15625 0.1466346153846154
0 0.4495192307692308 0.21153846153846154 0.47115384615384615 0.3485576923076923
0 0.39663461538461536 0.2644230769230769 0.1658653846153846 0.17307692307692307
0 0.40625 0.31850961538461536 0.09375 0.09375
0 0.38100961538461536 0.38100961538461536 0.10336538461538461 0.14423076923076922
0 0.38100961538461536 0.3858173076923077 0.09615384615384616 0.13701923076923078
0 0.43509615384615385 0.5180288461538461 0.10817307692307693 0.12740384615384615
0 0.5576923076923077 0.4699519230769231 0.20673076923076922 0.20673076923076922
0 0.37259615384615385 0.5685096153846154 0.0625 0.07211538461538461
0 0.8557692307692307 0.3737980769230769 0.06490384615384616 0.0673076923076923
0 0.7151442307692307 0.46274038461538464 0.15865384615384615 0.18990384615384615
0 0.3161057692307692 0.6490384615384616 0.15625 0.19951923076923078
0 0.2620192307692308 0.7115384615384616 0.19230769230769232 0.18509615384615385
0 0.8569711538461539 0.4651442307692308 0.1778846153846154 0.19230769230769232
0 0.9290865384615384 0.44471153846153844 0.12740384615384615 0.10336538461538461
0 0.35697115384615385 0.8064903846153846 0.5456730769230769 0.38221153846153844
0 0.33653846153846156 0.8834134615384616 0.20192307692307693 0.2283653846153846
0 0.9182692307692307 0.6274038461538461 0.15625 0.17548076923076922
0 0.8317307692307693 0.6742788461538461 0.12980769230769232 0.17548076923076922
0 0.3425480769230769 0.8485576923076923 0.46875 0.2980769230769231
0 0.7403846153846154 0.7668269230769231 0.25240384615384615 0.24278846153846154
