0 0.8533653846153846 0.7067307692307693 0.11057692307692307 0.1971153846153846
0 0.9158653846153846 0.6598557692307693 0.12980769230769232 0.23557692307692307
0 0.5661057692307693 0.5384615384615384 0.2932692307692308 0.4206730769230769
0 0.875 0.5769230769230769 0.1466346153846154 0.17067307692307693
0 0.703125 0.4891826923076923 0.28125 0.375
0 0.8317307692307693 0.4567307692307692 0.1466346153846154 0.15625
0 0.6887019230769231 0.3942307692307692 0.21153846153846154 0.23798076923076922
0 0.5036057692307693 0.29086538461538464 0.18269230769230768 0.22115384615384615
0 0.43149038461538464 0.24759615384615385 0.03365384615384615 0.04567307692307692
0 0.78125 0.2608173076923077 0.125 0.15625
0 0.6862980769230769 0.9423076923076923 0.11298076923076923 0.11057692307692307
0 0.4567307692307692 0.046875 0.07692307692307693 0.09375
0 0.8028846153846154 0.8605769230769231 0.18269230769230768 0.27403846153846156
0 0.5865384615384616 0.7920673076923077 0.12980769230769232 0.2283653846153846
0 0.7680288461538461 0.8185096153846154 0.14423076923076922 0.1658653846153846
0 0.7439903846153846 0.7584134615384616 0.16826923076923078 0.3004807692307692
