0 0.7079326923076923 0.7980769230769231 0.27163461538461536 0.39903846153846156
0 0.8762019230769231 0.6298076923076923 0.11057692307692307 0.11057692307692307
0 0.6009615384615384 0.5420673076923077 0.16346153846153846 0.21153846153846154
0 0.29927884615384615 0.3942307692307692 0.17067307692307693 0.3485576923076923
0 0.6382211538461539 0.33774038461538464 0.4543269230769231 0.6177884615384616
0 0.6850961538461539 0.3329326923076923 0.19951923076923078 0.32211538461538464
0 0.38822115384615385 0.2920673076923077 0.21394230769230768 0.2764423076923077
0 0.6887019230769231 0.17908653846153846 0.2956730769230769 0.21153846153846154
0 0.5612980769230769 0.17067307692307693 0.11298076923076923 0.27163461538461536
0 0.7127403846153846 0.07451923076923077 0.2403846153846154 0.13701923076923078
