0 0.7584134615384616 0.3389423076923077 0.055288461538461536 0.055288461538461536
0 0.6754807692307693 0.3233173076923077 0.10096153846153846 0.14182692307692307
0 0.8533653846153846 0.37259615384615385 0.07211538461538461 0.10817307692307693
0 0.28725961538461536 0.2644230769230769 0.07932692307692307 0.08173076923076923
0 0.3581730769230769 0.47475961538461536 0.08653846153846154 0.11057692307692307
0 0.15504807692307693 0.4699519230769231 0.052884615384615384 0.04567307692307692
0 0.43990384615384615 0.6033653846153846 0.06971153846153846 0.0673076923076923
0 0.3233173076923077 0.6526442307692307 0.06490384615384616 0.0625
0 0.3269230769230769 0.6634615384615384 0.052884615384615384 0.055288461538461536
0 0.6959134615384616 0.7524038461538461 0.0889423076923077 0.1201923076923077
0 0.6310096153846154 0.7584134615384616 0.09134615384615384 0.09375
0 0.8617788461538461 0.8233173076923077 0.13221153846153846 0.2668269230769231
0 0.7704326923076923 0.8822115384615384 0.0889423076923077 0.10817307692307693
0 0.32572115384615385 0.09134615384615384 0.08653846153846154 0.10336538461538461
0 0.6201923076923077 0.19471153846153846 0.07451923076923077 0.0673076923076923
