0 0.296875 0.4951923076923077 0.13221153846153846 0.1346153846153846
0 0.1310096153846154 0.4423076923076923 0.22115384615384615 0.15865384615384615
0 0.5072115384615384 0.24639423076923078 0.23798076923076922 0.20432692307692307
0 0.07091346153846154 0.39663461538461536 0.14182692307692307 0.14423076923076922
0 0.2620192307692308 0.27524038461538464 0.12980769230769232 0.11538461538461539
0 0.3762019230769231 0.19951923076923078 0.10336538461538461 0.07692307692307693
0 0.016826923076923076 0.3112980769230769 0.03365384615384615 0.18990384615384615
0 0.13221153846153846 0.22716346153846154 0.2091346153846154 0.19951923076923078
0 0.4326923076923077 0.06009615384615385 0.22596153846153846 0.1201923076923077
0 0.5997596153846154 0.7055288461538461 0.18269230769230768 0.18509615384615385
0 0.6790865384615384 0.6670673076923077 0.41346153846153844 0.22115384615384615
0 0.7836538461538461 0.6310096153846154 0.19230769230769232 0.14423076923076922
0 0.484375 0.6923076923076923 0.0985576923076923 0.07451923076923077
