0 0.5144230769230769 0.5444711538461539 0.052884615384615384 0.04567307692307692
0 0.5384615384615384 0.5180288461538461 0.18028846153846154 0.06971153846153846
0 0.5721153846153846 0.5192307692307693 0.05048076923076923 0.06490384615384616
0 0.5420673076923077 0.43990384615384615 0.057692307692307696 0.125
0 0.5036057692307693 0.42908653846153844 0.06490384615384616 0.12980769230769232
0 0.5913461538461539 0.43509615384615385 0.06490384615384616 0.13221153846153846
0 0.375 0.3401442307692308 0.06971153846153846 0.09134615384615384
0 0.39302884615384615 0.3329326923076923 0.10576923076923077 0.10096153846153846
0 0.44711538461538464 0.33052884615384615 0.07451923076923077 0.09375
0 0.5600961538461539 0.3449519230769231 0.052884615384615384 0.057692307692307696
0 0.24519230769230768 0.2980769230769231 0.0625 0.125
0 0.4963942307692308 0.30528846153846156 0.0625 0.07692307692307693
0 0.5901442307692307 0.31009615384615385 0.055288461538461536 0.06009615384615385
0 0.421875 0.2824519230769231 0.06490384615384616 0.07211538461538461
0 0.3088942307692308 0.25 0.07451923076923077 0.13221153846153846
0 0.8137019230769231 0.29086538461538464 0.08413461538461539 0.0985576923076923
0 0.4963942307692308 0.23557692307692307 0.07451923076923077 0.09375
0 0.6658653846153846 0.2512019230769231 0.07211538461538461 0.08173076923076923
0 0.6742788461538461 0.24879807692307693 0.0985576923076923 0.11057692307692307
0 0.3894230769230769 0.203125 0.07211538461538461 0.0985576923076923
0 0.22355769230769232 0.16826923076923078 0.12740384615384615 0.12259615384615384
0 0.3293269230769231 0.13942307692307693 0.06009615384615385 0.08173076923076923
0 0.8978365384615384 0.21754807692307693 0.10336538461538461 0.1778846153846154
0 0.9675480769230769 0.2247596153846154 0.06009615384615385 0.08413461538461539
0 0.3870192307692308 0.13221153846153846 0.09134615384615384 0.07692307692307693
0 0.4495192307692308 0.12740384615384615 0.0985576923076923 0.1201923076923077
0 0.7608173076923077 0.15384615384615385 0.12259615384615384 0.11778846153846154
0 0.6298076923076923 0.13221153846153846 0.08653846153846154 0.1201923076923077
0 0.5420673076923077 0.11298076923076923 0.07932692307692307 0.06009615384615385
