0 0.5336538461538461 0.4110576923076923 0.17307692307692307 0.2668269230769231
0 0.6358173076923077 0.35096153846153844 0.13701923076923078 0.17067307692307693
0 0.625 0.3485576923076923 0.4230769230769231 0.28125
0 0.1778846153846154 0.4723557692307692 0.07932692307692307 0.1466346153846154
0 0.8016826923076923 0.2824519230769231 0.10576923076923077 0.10817307692307693
0 0.5901442307692307 0.23557692307692307 0.16826923076923078 0.1346153846153846
0 0.33533653846153844 0.27524038461538464 0.08653846153846154 0.10336538461538461
0 0.45072115384615385 0.22115384615384615 0.15144230769230768 0.14903846153846154
0 0.39302884615384615 0.7271634615384616 0.28125 0.23076923076923078
0 0.46634615384615385 0.6923076923076923 0.17307692307692307 0.18509615384615385
0 0.3173076923076923 0.7163461538461539 0.21875 0.2764423076923077
