0 0.40625 0.5372596153846154 0.10336538461538461 0.08413461538461539
0 0.5745192307692307 0.5384615384615384 0.04326923076923077 0.0673076923076923
0 0.042067307692307696 0.5 0.06490384615384616 0.03365384615384615
0 0.5348557692307693 0.5216346153846154 0.06009615384615385 0.07451923076923077
0 0.4639423076923077 0.49158653846153844 0.038461538461538464 0.06009615384615385
0 0.4206730769230769 0.484375 0.04326923076923077 0.05048076923076923
0 0.28125 0.4651442307692308 0.07692307692307693 0.057692307692307696
0 0.7475961538461539 0.4831730769230769 0.052884615384615384 0.06009615384615385
0 0.19591346153846154 0.453125 0.057692307692307696 0.10817307692307693
0 0.06610576923076923 0.43990384615384615 0.13221153846153846 0.19230769230769232
0 0.7944711538461539 0.47836538461538464 0.04807692307692308 0.038461538461538464
0 0.08173076923076923 0.4266826923076923 0.057692307692307696 0.0889423076923077
0 0.6923076923076923 0.4543269230769231 0.052884615384615384 0.09375
0 0.5396634615384616 0.44591346153846156 0.08413461538461539 0.0985576923076923
0 0.037259615384615384 0.41346153846153844 0.040865384615384616 0.09375
0 0.8641826923076923 0.4567307692307692 0.07932692307692307 0.07932692307692307
0 0.8064903846153846 0.4326923076923077 0.06009615384615385 0.10096153846153846
0 0.296875 0.3737980769230769 0.052884615384615384 0.07451923076923077
0 0.28725961538461536 0.3713942307692308 0.0673076923076923 0.0625
0 0.7788461538461539 0.3942307692307692 0.052884615384615384 0.0673076923076923
0 0.9483173076923077 0.3858173076923077 0.0985576923076923 0.07451923076923077
0 0.9399038461538461 0.38221153846153844 0.11538461538461539 0.09134615384615384
0 0.6646634615384616 0.36177884615384615 0.04567307692307692 0.0673076923076923
0 0.6081730769230769 0.35336538461538464 0.07211538461538461 0.07692307692307693
0 0.3557692307692308 0.3389423076923077 0.0625 0.06971153846153846
0 0.4987980769230769 0.33413461538461536 0.9975961538461539 0.6298076923076923
0 0.2548076923076923 0.3076923076923077 0.5024038461538461 0.30288461538461536
0 0.7680288461538461 0.33413461538461536 0.07932692307692307 0.057692307692307696
0 0.5697115384615384 0.3161057692307692 0.09134615384615384 0.06971153846153846
0 0.46033653846153844 0.29447115384615385 0.055288461538461536 0.07451923076923077
0 0.26322115384615385 0.28125 0.08173076923076923 0.08653846153846154
0 0.6923076923076923 0.27524038461538464 0.07451923076923077 0.09615384615384616
0 0.4495192307692308 0.24759615384615385 0.06490384615384616 0.07932692307692307
0 0.44711538461538464 0.2403846153846154 0.05048076923076923 0.08653846153846154
0 0.8449519230769231 0.22115384615384615 0.09134615384615384 0.08413461538461539
0 0.33653846153846156 0.1814903846153846 0.055288461538461536 0.06009615384615385
0 0.5120192307692307 0.18629807692307693 0.05048076923076923 0.06971153846153846
0 0.40865384615384615 0.17668269230769232 0.06971153846153846 0.06490384615384616
0 0.6814903846153846 0.16706730769230768 0.07211538461538461 0.05048076923076923
0 0.7908653846153846 0.15504807692307693 0.11778846153846154 0.10576923076923077
0 0.5540865384615384 0.1346153846153846 0.0673076923076923 0.09375
0 0.9555288461538461 0.10336538461538461 0.08413461538461539 0.14903846153846154
