0 0.43028846153846156 0.578125 0.15625 0.07451923076923077
0 0.6550480769230769 0.5072115384615384 0.1201923076923077 0.0985576923076923
0 0.3605769230769231 0.5432692307692307 0.7019230769230769 0.22115384615384615
0 0.9122596153846154 0.3737980769230769 0.12740384615384615 0.08653846153846154
0 0.5108173076923077 0.3701923076923077 0.15144230769230768 0.10817307692307693
0 0.2548076923076923 0.40384615384615385 0.31490384615384615 0.1346153846153846
0 0.037259615384615384 0.3581730769230769 0.07451923076923077 0.07211538461538461
0 0.5865384615384616 0.8930288461538461 0.20432692307692307 0.18269230769230768
0 0.4362980769230769 0.8990384615384616 0.15144230769230768 0.08653846153846154
0 0.5757211538461539 0.8774038461538461 0.6538461538461539 0.1971153846153846
0 0.3161057692307692 0.9098557692307693 0.1201923076923077 0.0985576923076923
0 0.8269230769230769 0.8269230769230769 0.2091346153846154 0.12740384615384615
0 0.07692307692307693 0.7139423076923077 0.10336538461538461 0.0985576923076923
0 0.17307692307692307 0.6959134615384616 0.11298076923076923 0.08413461538461539
0 0.9423076923076923 0.5745192307692307 0.11057692307692307 0.20192307692307693
0 0.11899038461538461 0.6790865384615384 0.21394230769230768 0.23557692307692307
