0 0.5552884615384616 0.4338942307692308 0.06490384615384616 0.06009615384615385
0 0.6141826923076923 0.4387019230769231 0.0673076923076923 0.052884615384615384
0 0.5997596153846154 0.4567307692307692 0.23317307692307693 0.10817307692307693
0 0.5060096153846154 0.46274038461538464 0.0625 0.036057692307692304
0 0.6478365384615384 0.48677884615384615 0.06490384615384616 0.0625
0 0.5925480769230769 0.4891826923076923 0.06009615384615385 0.03365384615384615
0 0.546875 0.49158653846153844 0.02403846153846154 0.03125
0 0.6959134615384616 0.4987980769230769 0.03365384615384615 0.03125
0 0.6814903846153846 0.6814903846153846 0.09134615384615384 0.09375
0 0.7584134615384616 0.7620192307692307 0.08173076923076923 0.11778846153846154
0 0.4170673076923077 0.7692307692307693 0.2403846153846154 0.23557692307692307
0 0.6526442307692307 0.7716346153846154 0.07211538461538461 0.07451923076923077
0 0.8149038461538461 0.8052884615384616 0.055288461538461536 0.0985576923076923
0 0.3954326923076923 0.8269230769230769 0.34615384615384615 0.2644230769230769
0 0.27524038461538464 0.8401442307692307 0.10096153846153846 0.17548076923076922
0 0.3858173076923077 0.8413461538461539 0.0985576923076923 0.11778846153846154
0 0.6935096153846154 0.8497596153846154 0.11778846153846154 0.16826923076923078
0 0.5528846153846154 0.8629807692307693 0.07451923076923077 0.18028846153846154
0 0.8713942307692307 0.8677884615384616 0.04326923076923077 0.06971153846153846
0 0.7692307692307693 0.875 0.09615384615384616 0.14903846153846154
0 0.6670673076923077 0.8774038461538461 0.2644230769230769 0.22596153846153846
0 0.6021634615384616 0.8894230769230769 0.08173076923076923 0.06971153846153846
0 0.4387019230769231 0.9158653846153846 0.05048076923076923 0.03365384615384615
0 0.5985576923076923 0.9627403846153846 0.04326923076923077 0.06971153846153846
