0 0.5829326923076923 0.53125 0.04326923076923077 0.026442307692307692
0 0.8149038461538461 0.5889423076923077 0.040865384615384616 0.055288461538461536
0 0.6802884615384616 0.6069711538461539 0.12980769230769232 0.10576923076923077
0 0.42788461538461536 0.6069711538461539 0.07451923076923077 0.10576923076923077
0 0.5420673076923077 0.6201923076923077 0.07451923076923077 0.15144230769230768
0 0.3329326923076923 0.625 0.18509615384615385 0.125
0 0.6129807692307693 0.6430288461538461 0.7644230769230769 0.23317307692307693
0 0.8870192307692307 0.6742788461538461 0.08653846153846154 0.1875
0 0.013221153846153846 0.71875 0.026442307692307692 0.10096153846153846
0 0.015625 0.7451923076923077 0.03125 0.38461538461538464
0 0.2644230769230769 0.8257211538461539 0.05048076923076923 0.0625
