0 0.3942307692307692 0.7896634615384616 0.06009615384615385 0.055288461538461536
0 0.47716346153846156 0.78125 0.09375 0.11057692307692307
0 0.5625 0.7980769230769231 0.13221153846153846 0.13942307692307693
0 0.21514423076923078 0.7043269230769231 0.10336538461538461 0.1201923076923077
0 0.265625 0.7151442307692307 0.19230769230769232 0.19230769230769232
0 0.6430288461538461 0.8064903846153846 0.1201923076923077 0.14182692307692307
0 0.41225961538461536 0.7415865384615384 0.06971153846153846 0.057692307692307696
0 0.42908653846153844 0.7295673076923077 0.6033653846153846 0.3605769230769231
0 0.3737980769230769 0.7055288461538461 0.08413461538461539 0.10817307692307693
0 0.23076923076923078 0.6225961538461539 0.09615384615384616 0.11538461538461539
0 0.3425480769230769 0.6502403846153846 0.12740384615384615 0.11057692307692307
0 0.8028846153846154 0.4338942307692308 0.15625 0.21153846153846154
0 0.5360576923076923 0.34375 0.1201923076923077 0.1346153846153846
0 0.6947115384615384 0.3786057692307692 0.09375 0.11778846153846154
0 0.6262019230769231 0.35336538461538464 0.09615384615384616 0.14903846153846154
0 0.9362980769230769 0.42788461538461536 0.10096153846153846 0.10336538461538461
0 0.7043269230769231 0.31490384615384615 0.20673076923076922 0.24519230769230768
0 0.8449519230769231 0.34615384615384615 0.1466346153846154 0.15625
0 0.7632211538461539 0.31009615384615385 0.07932692307692307 0.0889423076923077
0 0.6935096153846154 0.2860576923076923 0.08413461538461539 0.07692307692307693
0 0.6550480769230769 0.23918269230769232 0.09615384615384616 0.10817307692307693
0 0.7836538461538461 0.20552884615384615 0.13942307692307693 0.12259615384615384
0 0.37259615384615385 0.09134615384615384 0.07932692307692307 0.13701923076923078
