0 0.3581730769230769 0.13701923076923078 0.17307692307692307 0.0889423076923077
0 0.35336538461538464 0.2403846153846154 0.2692307692307692 0.14903846153846154
0 0.4411057692307692 0.23677884615384615 0.11057692307692307 0.11778846153846154
0 0.328125 0.3401442307692308 0.10817307692307693 0.07451923076923077
0 0.47115384615384615 0.3401442307692308 0.11538461538461539 0.10096153846153846
0 0.4026442307692308 0.4831730769230769 0.19951923076923078 0.15384615384615385
0 0.6153846153846154 0.45552884615384615 0.08173076923076923 0.08653846153846154
0 0.4723557692307692 0.5012019230769231 0.41586538461538464 0.4543269230769231
0 0.7199519230769231 0.5048076923076923 0.09615384615384616 0.12980769230769232
0 0.4495192307692308 0.6009615384615384 0.6298076923076923 0.7716346153846154
0 0.3245192307692308 0.6790865384615384 0.27403846153846156 0.1778846153846154
0 0.33533653846153844 0.09014423076923077 0.125 0.07692307692307693
0 0.8028846153846154 0.6790865384615384 0.08413461538461539 0.09375
0 0.640625 0.7908653846153846 0.18509615384615385 0.19230769230769232
