0 0.42788461538461536 0.40384615384615385 0.057692307692307696 0.0625
0 0.453125 0.6141826923076923 0.06490384615384616 0.07211538461538461
0 0.47716346153846156 0.6490384615384616 0.06971153846153846 0.055288461538461536
0 0.1971153846153846 0.6923076923076923 0.14423076923076922 0.1658653846153846
0 0.17067307692307693 0.7331730769230769 0.06971153846153846 0.08653846153846154
0 0.2692307692307692 0.7548076923076923 0.14423076923076922 0.14903846153846154
0 0.7463942307692307 0.8137019230769231 0.3918269230769231 0.36778846153846156
0 0.8774038461538461 0.875 0.1346153846153846 0.1971153846153846
0 0.46634615384615385 0.8317307692307693 0.07211538461538461 0.11057692307692307
0 0.43149038461538464 0.8317307692307693 0.0985576923076923 0.1778846153846154
0 0.6394230769230769 0.8798076923076923 0.10096153846153846 0.13221153846153846
0 0.3545673076923077 0.8389423076923077 0.07211538461538461 0.11778846153846154
0 0.296875 0.8329326923076923 0.09375 0.11538461538461539
0 0.4831730769230769 0.8810096153846154 0.10096153846153846 0.21875
0 0.5925480769230769 0.9651442307692307 0.10817307692307693 0.06490384615384616
