0 0.15985576923076922 0.41346153846153844 0.016826923076923076 0.014423076923076924
0 0.19591346153846154 0.43509615384615385 0.3894230769230769 0.27403846153846156
0 0.5336538461538461 0.32211538461538464 0.1971153846153846 0.16826923076923078
0 0.6274038461538461 0.29447115384615385 0.08413461538461539 0.09375
0 0.20673076923076922 0.4579326923076923 0.10336538461538461 0.13221153846153846
0 0.31850961538461536 0.41586538461538464 0.1346153846153846 0.12259615384615384
0 0.15264423076923078 0.484375 0.07692307692307693 0.09134615384615384
0 0.7800480769230769 0.3004807692307692 0.12740384615384615 0.09375
0 0.6730769230769231 0.35216346153846156 0.14182692307692307 0.15384615384615385
0 0.39302884615384615 0.5204326923076923 0.08173076923076923 0.12980769230769232
0 0.7524038461538461 0.4098557692307692 0.19471153846153846 0.16826923076923078
0 0.49399038461538464 0.5240384615384616 0.18990384615384615 0.21153846153846154
0 0.2800480769230769 0.6610576923076923 0.1346153846153846 0.15865384615384615
0 0.453125 0.6262019230769231 0.19951923076923078 0.2403846153846154
0 0.19591346153846154 0.7295673076923077 0.08413461538461539 0.07211538461538461
0 0.7704326923076923 0.5204326923076923 0.27163461538461536 0.22115384615384615
0 0.8870192307692307 0.49038461538461536 0.22115384615384615 0.3557692307692308
0 0.13701923076923078 0.7956730769230769 0.09134615384615384 0.10817307692307693
0 0.44591346153846156 0.7355769230769231 0.14423076923076922 0.15144230769230768
0 0.28125 0.8413461538461539 0.12740384615384615 0.10576923076923077
0 0.6682692307692307 0.6766826923076923 0.6586538461538461 0.6081730769230769
0 0.6009615384615384 0.7259615384615384 0.19471153846153846 0.2692307692307692
0 0.7463942307692307 0.7067307692307693 0.21875 0.23317307692307693
0 0.32572115384615385 0.8870192307692307 0.23317307692307693 0.22115384615384615
0 0.9014423076923077 0.6682692307692307 0.19230769230769232 0.3605769230769231
0 0.38341346153846156 0.9194711538461539 0.12259615384615384 0.15625
0 0.22716346153846154 0.9603365384615384 0.15625 0.07451923076923077
0 0.9170673076923077 0.7584134615384616 0.15144230769230768 0.14182692307692307
