0 0.5120192307692307 0.3641826923076923 0.0889423076923077 0.11298076923076923
0 0.6370192307692307 0.2668269230769231 0.32211538461538464 0.34375
0 0.1875 0.5168269230769231 0.15865384615384615 0.15144230769230768
0 0.5288461538461539 0.328125 0.7163461538461539 0.65625
0 0.703125 0.16105769230769232 0.0985576923076923 0.11778846153846154
0 0.3125 0.30408653846153844 0.34134615384615385 0.3581730769230769
0 0.109375 0.4170673076923077 0.18028846153846154 0.1875
0 0.38221153846153844 0.30408653846153844 0.7644230769230769 0.6081730769230769
0 0.39663461538461536 0.20192307692307693 0.13942307692307693 0.1658653846153846
0 0.15264423076923078 0.21394230769230768 0.21634615384615385 0.21394230769230768
0 0.47475961538461536 0.05048076923076923 0.14182692307692307 0.10096153846153846
0 0.6237980769230769 0.5540865384615384 0.07451923076923077 0.0889423076923077
0 0.6814903846153846 0.4651442307692308 0.057692307692307696 0.07211538461538461
0 0.45913461538461536 0.5576923076923077 0.0985576923076923 0.11298076923076923
0 0.7331730769230769 0.38822115384615385 0.10096153846153846 0.11057692307692307
0 0.625 0.4411057692307692 0.3485576923076923 0.33653846153846156
