0 0.3858173076923077 0.30649038461538464 0.20673076923076922 0.15625
0 0.4098557692307692 0.34375 0.07932692307692307 0.0889423076923077
0 0.5673076923076923 0.34375 0.06971153846153846 0.08413461538461539
0 0.6177884615384616 0.3293269230769231 0.0889423076923077 0.09375
0 0.6045673076923077 0.47115384615384615 0.12740384615384615 0.1346153846153846
0 0.7355769230769231 0.41466346153846156 0.11778846153846154 0.1466346153846154
0 0.8497596153846154 0.3918269230769231 0.27403846153846156 0.2548076923076923
0 0.4519230769230769 0.609375 0.09615384615384616 0.10576923076923077
0 0.6971153846153846 0.5492788461538461 0.13942307692307693 0.1466346153846154
0 0.5276442307692307 0.7271634615384616 0.4495192307692308 0.43509615384615385
0 0.8341346153846154 0.5757211538461539 0.3269230769230769 0.4543269230769231
0 0.41466346153846156 0.7920673076923077 0.27403846153846156 0.27163461538461536
0 0.6802884615384616 0.6778846153846154 0.17307692307692307 0.1466346153846154
0 0.5793269230769231 0.7692307692307693 0.18028846153846154 0.18028846153846154
0 0.8605769230769231 0.6586538461538461 0.18509615384615385 0.1658653846153846
