0 0.484375 0.3545673076923077 0.12980769230769232 0.12980769230769232
0 0.5504807692307693 0.3485576923076923 0.11057692307692307 0.11778846153846154
0 0.5060096153846154 0.3918269230769231 0.04807692307692308 0.06009615384615385
0 0.7379807692307693 0.36177884615384615 0.11538461538461539 0.11778846153846154
0 0.5048076923076923 0.4723557692307692 0.07932692307692307 0.08653846153846154
0 0.8125 0.4182692307692308 0.13221153846153846 0.08413461538461539
0 0.5588942307692307 0.4879807692307692 0.2403846153846154 0.3293269230769231
0 0.6586538461538461 0.484375 0.09615384615384616 0.10336538461538461
0 0.8088942307692307 0.4891826923076923 0.17548076923076922 0.1778846153846154
0 0.6550480769230769 0.5504807692307693 0.2932692307692308 0.3485576923076923
0 0.7728365384615384 0.5360576923076923 0.08653846153846154 0.10336538461538461
0 0.5697115384615384 0.6141826923076923 0.09375 0.0889423076923077
0 0.96875 0.7055288461538461 0.057692307692307696 0.08413461538461539
0 0.5973557692307693 0.7824519230769231 0.07932692307692307 0.07692307692307693
0 0.8774038461538461 0.8197115384615384 0.2403846153846154 0.2692307692307692
0 0.7872596153846154 0.8605769230769231 0.13221153846153846 0.08413461538461539
0 0.9771634615384616 0.8305288461538461 0.040865384615384616 0.18028846153846154
0 0.8617788461538461 0.8822115384615384 0.10817307692307693 0.10336538461538461
0 0.3173076923076923 0.2932692307692308 0.07451923076923077 0.08413461538461539
0 0.33533653846153844 0.30408653846153844 0.09375 0.10817307692307693
0 0.4375 0.296875 0.06009615384615385 0.07932692307692307
0 0.3894230769230769 0.3605769230769231 0.0985576923076923 0.125
