0 0.6490384615384616 0.4170673076923077 0.0625 0.10576923076923077
0 0.5901442307692307 0.38100961538461536 0.06009615384615385 0.06971153846153846
0 0.4735576923076923 0.36899038461538464 0.0625 0.09375
0 0.6862980769230769 0.3798076923076923 0.0625 0.09375
0 0.4026442307692308 0.32572115384615385 0.6129807692307693 0.3173076923076923
0 0.921875 0.3737980769230769 0.06009615384615385 0.06971153846153846
0 0.05889423076923077 0.26802884615384615 0.07211538461538461 0.07692307692307693
0 0.5012019230769231 0.3137019230769231 0.07692307692307693 0.0889423076923077
0 0.4807692307692308 0.3112980769230769 0.0625 0.07692307692307693
0 0.8557692307692307 0.35096153846153844 0.0673076923076923 0.055288461538461536
0 0.7199519230769231 0.31971153846153844 0.040865384615384616 0.07451923076923077
0 0.22235576923076922 0.25841346153846156 0.07211538461538461 0.08413461538461539
0 0.6514423076923077 0.3004807692307692 0.06971153846153846 0.10096153846153846
0 0.42788461538461536 0.27403846153846156 0.06971153846153846 0.12980769230769232
0 0.3701923076923077 0.26802884615384615 0.057692307692307696 0.11778846153846154
0 0.8701923076923077 0.3173076923076923 0.14182692307692307 0.18990384615384615
0 0.5709134615384616 0.26802884615384615 0.08653846153846154 0.125
0 0.5288461538461539 0.25961538461538464 0.08413461538461539 0.10817307692307693
0 0.3076923076923077 0.22596153846153846 0.04567307692307692 0.057692307692307696
0 0.8485576923076923 0.27884615384615385 0.07451923076923077 0.0889423076923077
0 0.7307692307692307 0.24639423076923078 0.06009615384615385 0.06971153846153846
0 0.47475961538461536 0.4855769230769231 0.08173076923076923 0.0889423076923077
0 0.5456730769230769 0.484375 0.055288461538461536 0.08173076923076923
0 0.5877403846153846 0.4831730769230769 0.05048076923076923 0.08173076923076923
0 0.6274038461538461 0.47716346153846156 0.03365384615384615 0.0625
0 0.4423076923076923 0.43149038461538464 0.06971153846153846 0.07211538461538461
0 0.8269230769230769 0.46875 0.13221153846153846 0.09615384615384616
0 0.29927884615384615 0.3918269230769231 0.057692307692307696 0.06009615384615385
