0 0.8413461538461539 0.7247596153846154 0.10096153846153846 0.11298076923076923
0 0.7596153846153846 0.6670673076923077 0.09134615384615384 0.10096153846153846
0 0.8028846153846154 0.609375 0.0673076923076923 0.06971153846153846
0 0.16826923076923078 0.21634615384615385 0.23317307692307693 0.2620192307692308
0 0.8918269230769231 0.5745192307692307 0.057692307692307696 0.06490384615384616
0 0.390625 0.20673076923076922 0.44471153846153844 0.41346153846153844
0 0.8629807692307693 0.3942307692307692 0.15865384615384615 0.17307692307692307
0 0.25240384615384615 0.08653846153846154 0.22596153846153846 0.17307692307692307
0 0.65625 0.04447115384615385 0.07932692307692307 0.06971153846153846
0 0.6454326923076923 0.7704326923076923 0.17307692307692307 0.21875
