0 0.9375 0.84375 0.1201923076923077 0.30288461538461536
0 0.7776442307692307 0.8653846153846154 0.10576923076923077 0.25721153846153844
0 0.6766826923076923 0.9254807692307693 0.13701923076923078 0.13942307692307693
0 0.5865384615384616 0.9375 0.10576923076923077 0.11538461538461539
0 0.3641826923076923 0.9495192307692307 0.3125 0.09134615384615384
0 0.640625 0.13822115384615385 0.08413461538461539 0.09615384615384616
0 0.796875 0.14423076923076922 0.14182692307692307 0.18028846153846154
0 0.7283653846153846 0.17307692307692307 0.44471153846153844 0.25
0 0.7704326923076923 0.35336538461538464 0.06971153846153846 0.09615384615384616
0 0.5096153846153846 0.3894230769230769 0.0673076923076923 0.25
