0 0.5024038461538461 0.453125 0.06009615384615385 0.057692307692307696
0 0.4699519230769231 0.4699519230769231 0.17548076923076922 0.125
0 0.4387019230769231 0.4567307692307692 0.0673076923076923 0.07211538461538461
0 0.4387019230769231 0.5408653846153846 0.09615384615384616 0.125
0 0.47115384615384615 0.5649038461538461 0.10096153846153846 0.13221153846153846
0 0.390625 0.5276442307692307 0.10336538461538461 0.1346153846153846
0 0.5588942307692307 0.6935096153846154 0.09134615384615384 0.10096153846153846
0 0.5396634615384616 0.6935096153846154 0.125 0.125
0 0.4879807692307692 0.6778846153846154 0.0985576923076923 0.10576923076923077
0 0.38822115384615385 0.6237980769230769 0.06490384615384616 0.0673076923076923
0 0.6646634615384616 0.7800480769230769 0.0985576923076923 0.12740384615384615
0 0.4338942307692308 0.6838942307692307 0.08173076923076923 0.08653846153846154
0 0.3485576923076923 0.6454326923076923 0.0673076923076923 0.06971153846153846
0 0.4951923076923077 0.7307692307692307 0.07932692307692307 0.08413461538461539
0 0.5877403846153846 0.8016826923076923 0.11057692307692307 0.13701923076923078
0 0.13221153846153846 0.5829326923076923 0.10576923076923077 0.11298076923076923
0 0.4098557692307692 0.7475961538461539 0.0985576923076923 0.10576923076923077
0 0.25600961538461536 0.6730769230769231 0.0889423076923077 0.09375
0 0.24639423076923078 0.671875 0.12259615384615384 0.12980769230769232
0 0.49759615384615385 0.8173076923076923 0.09615384615384616 0.10817307692307693
0 0.6394230769230769 0.9086538461538461 0.15144230769230768 0.14903846153846154
0 0.5300480769230769 0.8978365384615384 0.08173076923076923 0.09134615384615384
0 0.052884615384615384 0.6213942307692307 0.10576923076923077 0.18990384615384615
0 0.4735576923076923 0.8846153846153846 0.10576923076923077 0.0985576923076923
0 0.41346153846153844 0.8653846153846154 0.12740384615384615 0.13701923076923078
0 0.13221153846153846 0.7295673076923077 0.14423076923076922 0.14423076923076922
0 0.24759615384615385 0.796875 0.11538461538461539 0.13221153846153846
0 0.32211538461538464 0.8461538461538461 0.0889423076923077 0.07932692307692307
