0 0.35336538461538464 0.5252403846153846 0.0985576923076923 0.08413461538461539
0 0.4639423076923077 0.5012019230769231 0.0673076923076923 0.06971153846153846
0 0.37740384615384615 0.49158653846153844 0.2403846153846154 0.1778846153846154
0 0.3233173076923077 0.4807692307692308 0.09134615384615384 0.06490384615384616
0 0.4483173076923077 0.4579326923076923 0.09615384615384616 0.052884615384615384
0 0.31850961538461536 0.4411057692307692 0.09615384615384616 0.08413461538461539
0 0.42427884615384615 0.4170673076923077 0.08173076923076923 0.040865384615384616
0 0.3317307692307692 0.12860576923076922 0.04326923076923077 0.06490384615384616
0 0.2620192307692308 0.11057692307692307 0.07932692307692307 0.06971153846153846
0 0.42788461538461536 0.11899038461538461 0.10817307692307693 0.13221153846153846
0 0.5084134615384616 0.10697115384615384 0.28125 0.21394230769230768
0 0.5396634615384616 0.09735576923076923 0.18990384615384615 0.19471153846153846
0 0.25721153846153844 0.08774038461538461 0.28365384615384615 0.17548076923076922
0 0.2824519230769231 0.054086538461538464 0.23317307692307693 0.10817307692307693
