0 0.4206730769230769 0.5048076923076923 0.0673076923076923 0.07932692307692307
0 0.5384615384615384 0.6322115384615384 0.04567307692307692 0.05048076923076923
0 0.23677884615384615 0.49158653846153844 0.07692307692307693 0.08653846153846154
0 0.4266826923076923 0.625 0.0673076923076923 0.07451923076923077
0 0.1346153846153846 0.49158653846153844 0.06009615384615385 0.07692307692307693
0 0.33653846153846156 0.5889423076923077 0.25961538461538464 0.27403846153846156
0 0.6153846153846154 0.7223557692307693 0.10336538461538461 0.11778846153846154
0 0.016826923076923076 0.453125 0.03365384615384615 0.04567307692307692
0 0.8557692307692307 0.8581730769230769 0.07692307692307693 0.09134615384615384
0 0.5384615384615384 0.7259615384615384 0.0985576923076923 0.09375
0 0.14423076923076922 0.546875 0.12740384615384615 0.12259615384615384
0 0.028846153846153848 0.5108173076923077 0.057692307692307696 0.06971153846153846
0 0.40024038461538464 0.7043269230769231 0.1466346153846154 0.1201923076923077
0 0.5444711538461539 0.7740384615384616 0.07211538461538461 0.07451923076923077
0 0.3088942307692308 0.6670673076923077 0.10336538461538461 0.11298076923076923
0 0.16105769230769232 0.6382211538461539 0.13701923076923078 0.12980769230769232
0 0.09254807692307693 0.6262019230769231 0.055288461538461536 0.06490384615384616
0 0.6754807692307693 0.9507211538461539 0.1201923076923077 0.09375
0 0.052884615384615384 0.7860576923076923 0.0985576923076923 0.10576923076923077
