0 0.5132211538461539 0.40024038461538464 0.0673076923076923 0.11538461538461539
0 0.5444711538461539 0.375 0.2764423076923077 0.28125
0 0.45913461538461536 0.3894230769230769 0.08653846153846154 0.1466346153846154
0 0.5685096153846154 0.3485576923076923 0.0889423076923077 0.1346153846153846
0 0.4375 0.8762019230769231 0.04807692307692308 0.05048076923076923
0 0.43028846153846156 0.8365384615384616 0.17548076923076922 0.19230769230769232
0 0.4110576923076923 0.8293269230769231 0.07932692307692307 0.12740384615384615
0 0.44591346153846156 0.8125 0.10576923076923077 0.12740384615384615
0 0.5204326923076923 0.6442307692307693 0.07451923076923077 0.12259615384615384
0 0.29927884615384615 0.6310096153846154 0.07451923076923077 0.14423076923076922
0 0.2848557692307692 0.5024038461538461 0.08173076923076923 0.10576923076923077
0 0.29086538461538464 0.46274038461538464 0.07692307692307693 0.0985576923076923
