0 0.17427884615384615 0.5096153846153846 0.0985576923076923 0.09134615384615384
0 0.5444711538461539 0.30288461538461536 0.0889423076923077 0.08653846153846154
0 0.6802884615384616 0.2283653846153846 0.11538461538461539 0.10096153846153846
0 0.04447115384615385 0.5901442307692307 0.0889423076923077 0.10336538461538461
0 0.35336538461538464 0.421875 0.1346153846153846 0.11057692307692307
0 0.09375 0.5709134615384616 0.11057692307692307 0.09134615384615384
0 0.45552884615384615 0.3762019230769231 0.8701923076923077 0.5432692307692307
0 0.5877403846153846 0.296875 0.08653846153846154 0.07692307692307693
0 0.8112980769230769 0.17307692307692307 0.12980769230769232 0.12740384615384615
0 0.20072115384615385 0.5180288461538461 0.27163461538461536 0.16346153846153846
0 0.21995192307692307 0.8209134615384616 0.1658653846153846 0.1466346153846154
0 0.4411057692307692 0.7331730769230769 0.27163461538461536 0.21875
0 0.7247596153846154 0.5865384615384616 0.17307692307692307 0.12740384615384615
0 0.31850961538461536 0.8413461538461539 0.1346153846153846 0.125
0 0.9459134615384616 0.5552884615384616 0.10336538461538461 0.18269230769230768
0 0.4951923076923077 0.8629807692307693 0.25721153846153844 0.24519230769230768
