0 0.7451923076923077 0.24879807692307693 0.11778846153846154 0.0889423076923077
0 0.4375 0.125 0.16346153846153846 0.25
0 0.4411057692307692 0.10336538461538461 0.13701923076923078 0.20673076923076922
0 0.34615384615384615 0.06129807692307692 0.125 0.12259615384615384
0 0.328125 0.042067307692307696 0.14182692307692307 0.08413461538461539
0 0.9182692307692307 0.1814903846153846 0.15865384615384615 0.18509615384615385
0 0.8954326923076923 0.1502403846153846 0.07932692307692307 0.08413461538461539
0 0.5829326923076923 0.06009615384615385 0.24759615384615385 0.1201923076923077
0 0.75 0.0829326923076923 0.14182692307692307 0.08653846153846154
0 0.4230769230769231 0.8004807692307693 0.08173076923076923 0.10817307692307693
0 0.37259615384615385 0.7367788461538461 0.15625 0.17067307692307693
0 0.8341346153846154 0.8569711538461539 0.21153846153846154 0.24278846153846154
0 0.6466346153846154 0.7836538461538461 0.004807692307692308 0.007211538461538462
0 0.7608173076923077 0.7824519230769231 0.13221153846153846 0.1466346153846154
0 0.5072115384615384 0.703125 0.1971153846153846 0.18509615384615385
0 0.3954326923076923 0.6346153846153846 0.08173076923076923 0.07932692307692307
0 0.4987980769230769 0.65625 0.13942307692307693 0.13942307692307693
0 0.5144230769230769 0.5685096153846154 0.11538461538461539 0.13221153846153846
