0 0.5024038461538461 0.3269230769230769 0.34615384615384615 0.16105769230769232
0 0.40384615384615385 0.3581730769230769 0.06490384615384616 0.15144230769230768
0 0.4951923076923077 0.39903846153846156 0.04326923076923077 0.08413461538461539
0 0.2980769230769231 0.5480769230769231 0.08173076923076923 0.15865384615384615
0 0.44711538461538464 0.6346153846153846 0.25240384615384615 0.34375
0 0.7319711538461539 0.6346153846153846 0.036057692307692304 0.08173076923076923
0 0.8257211538461539 0.6995192307692307 0.0889423076923077 0.12740384615384615
0 0.7536057692307693 0.7247596153846154 0.036057692307692304 0.057692307692307696
0 0.46274038461538464 0.7752403846153846 0.17307692307692307 0.25721153846153844
0 0.140625 0.8317307692307693 0.13221153846153846 0.18269230769230768
0 0.2956730769230769 0.8245192307692307 0.14903846153846154 0.21634615384615385
0 0.8786057692307693 0.7980769230769231 0.12740384615384615 0.19471153846153846
0 0.5444711538461539 0.8353365384615384 0.16105769230769232 0.3245192307692308
0 0.78125 0.8617788461538461 0.18509615384615385 0.23076923076923078
0 0.7055288461538461 0.8894230769230769 0.1201923076923077 0.1778846153846154
0 0.22596153846153846 0.9230769230769231 0.15384615384615385 0.14903846153846154
0 0.4423076923076923 0.921875 0.052884615384615384 0.12980769230769232
0 0.10216346153846154 0.9591346153846154 0.10336538461538461 0.07692307692307693
