0 0.2920673076923077 0.40024038461538464 0.22596153846153846 0.1346153846153846
0 0.6850961538461539 0.46033653846153844 0.1346153846153846 0.1875
0 0.8329326923076923 0.4567307692307692 0.0625 0.11538461538461539
0 0.7752403846153846 0.43509615384615385 0.13701923076923078 0.16826923076923078
0 0.2439903846153846 0.2860576923076923 0.23798076923076922 0.21394230769230768
0 0.47716346153846156 0.3173076923076923 0.11778846153846154 0.13221153846153846
0 0.5793269230769231 0.31490384615384615 0.10336538461538461 0.14903846153846154
0 0.8377403846153846 0.359375 0.19230769230769232 0.16826923076923078
0 0.6947115384615384 0.2824519230769231 0.12740384615384615 0.17067307692307693
0 0.5889423076923077 0.20552884615384615 0.25961538461538464 0.18269230769230768
0 0.6778846153846154 0.8894230769230769 0.09134615384615384 0.15625
0 0.6153846153846154 0.8149038461538461 0.33413461538461536 0.25
0 0.5805288461538461 0.7932692307692307 0.10096153846153846 0.09375
0 0.7319711538461539 0.7776442307692307 0.10336538461538461 0.0985576923076923
0 0.5072115384615384 0.7055288461538461 0.13942307692307693 0.14182692307692307
0 0.6754807692307693 0.7355769230769231 0.06971153846153846 0.16826923076923078
0 0.5 0.5336538461538461 0.14903846153846154 0.17067307692307693
