0 0.5456730769230769 0.3737980769230769 0.11057692307692307 0.11778846153846154
0 0.31009615384615385 0.21394230769230768 0.11057692307692307 0.11057692307692307
0 0.47115384615384615 0.2860576923076923 0.10817307692307693 0.09134615384615384
0 0.4951923076923077 0.9555288461538461 0.1346153846153846 0.08413461538461539
0 0.5420673076923077 0.3016826923076923 0.14903846153846154 0.17548076923076922
0 0.4543269230769231 0.21033653846153846 0.08653846153846154 0.07692307692307693
0 0.453125 0.1875 0.07211538461538461 0.07692307692307693
0 0.31850961538461536 0.06490384615384616 0.09134615384615384 0.09134615384615384
0 0.3088942307692308 0.06490384615384616 0.1658653846153846 0.12980769230769232
0 0.49399038461538464 0.12980769230769232 0.14423076923076922 0.12740384615384615
0 0.6165865384615384 0.1875 0.28125 0.3557692307692308
0 0.5588942307692307 0.09495192307692307 0.15144230769230768 0.1875
0 0.9495192307692307 0.30649038461538464 0.09615384615384616 0.23798076923076922
0 0.8822115384615384 0.18269230769230768 0.11538461538461539 0.10576923076923077
0 0.7163461538461539 0.921875 0.21153846153846154 0.15144230769230768
0 0.390625 0.5757211538461539 0.10817307692307693 0.10576923076923077
0 0.078125 0.3629807692307692 0.15625 0.20192307692307693
0 0.4639423076923077 0.41466346153846156 0.1201923076923077 0.13942307692307693
0 0.3762019230769231 0.3605769230769231 0.14182692307692307 0.15865384615384615
