0 0.4266826923076923 0.43028846153846156 0.09134615384615384 0.11778846153846154
0 0.3870192307692308 0.43149038461538464 0.31490384615384615 0.3173076923076923
0 0.46153846153846156 0.38822115384615385 0.11538461538461539 0.14903846153846154
0 0.35216346153846156 0.4254807692307692 0.11298076923076923 0.13942307692307693
0 0.7848557692307693 0.7524038461538461 0.055288461538461536 0.055288461538461536
0 0.765625 0.7175480769230769 0.20432692307692307 0.21394230769230768
0 0.7764423076923077 0.7007211538461539 0.10336538461538461 0.13221153846153846
0 0.7391826923076923 0.7091346153846154 0.125 0.13942307692307693
0 0.5745192307692307 0.625 0.0985576923076923 0.125
0 0.7379807692307693 0.47596153846153844 0.10336538461538461 0.14423076923076922
0 0.6694711538461539 0.36658653846153844 0.10096153846153846 0.11298076923076923
0 0.6394230769230769 0.3389423076923077 0.09375 0.10576923076923077
