0 0.6442307692307693 0.3894230769230769 0.08173076923076923 0.08653846153846154
0 0.7271634615384616 0.4074519230769231 0.10336538461538461 0.0889423076923077
0 0.265625 0.45913461538461536 0.18028846153846154 0.06971153846153846
0 0.796875 0.46875 0.0985576923076923 0.07451923076923077
0 0.26322115384615385 0.48677884615384615 0.15625 0.13942307692307693
0 0.41225961538461536 0.515625 0.11298076923076923 0.09615384615384616
0 0.5360576923076923 0.6646634615384616 0.06009615384615385 0.055288461538461536
0 0.6442307692307693 0.7235576923076923 0.15384615384615385 0.12740384615384615
0 0.734375 0.7235576923076923 0.12980769230769232 0.08173076923076923
0 0.8269230769230769 0.8185096153846154 0.17067307692307693 0.11538461538461539
0 0.8966346153846154 0.9050480769230769 0.09375 0.07451923076923077
0 0.27524038461538464 0.22235576923076922 0.0673076923076923 0.03365384615384615
0 0.296875 0.23798076923076922 0.16105769230769232 0.11298076923076923
0 0.2704326923076923 0.2644230769230769 0.057692307692307696 0.04326923076923077
0 0.33774038461538464 0.2764423076923077 0.0673076923076923 0.026442307692307692
0 0.5697115384615384 0.3798076923076923 0.04807692307692308 0.04326923076923077
