0 0.4182692307692308 0.8894230769230769 0.22115384615384615 0.16105769230769232
0 0.5637019230769231 0.7451923076923077 0.18509615384615385 0.15865384615384615
0 0.5985576923076923 0.6911057692307693 0.038461538461538464 0.10576923076923077
0 0.6382211538461539 0.6394230769230769 0.02403846153846154 0.10576923076923077
0 0.3245192307692308 0.5769230769230769 0.1346153846153846 0.21875
0 0.8125 0.5108173076923077 0.0985576923076923 0.07211538461538461
0 0.5336538461538461 0.4519230769230769 0.09375 0.14903846153846154
0 0.19230769230769232 0.4362980769230769 0.15865384615384615 0.20673076923076922
0 0.38221153846153844 0.42427884615384615 0.16826923076923078 0.19951923076923078
0 0.7415865384615384 0.41586538461538464 0.0673076923076923 0.13221153846153846
0 0.8665865384615384 0.41346153846153844 0.12259615384615384 0.11057692307692307
0 0.6442307692307693 0.3701923076923077 0.13942307692307693 0.36538461538461536
0 0.8221153846153846 0.3245192307692308 0.07932692307692307 0.12980769230769232
0 0.4795673076923077 0.27283653846153844 0.7908653846153846 0.5456730769230769
