0 0.22596153846153846 0.6526442307692307 0.08173076923076923 0.11778846153846154
0 0.6213942307692307 0.6286057692307693 0.06971153846153846 0.0985576923076923
0 0.7127403846153846 0.6225961538461539 0.06009615384615385 0.0985576923076923
0 0.21153846153846154 0.6838942307692307 0.06009615384615385 0.10336538461538461
0 0.36658653846153844 0.6971153846153846 0.10336538461538461 0.06009615384615385
0 0.24879807692307693 0.29927884615384615 0.08413461538461539 0.06971153846153846
0 0.390625 0.3016826923076923 0.0673076923076923 0.06971153846153846
0 0.5132211538461539 0.30528846153846156 0.05048076923076923 0.057692307692307696
0 0.53125 0.3076923076923077 0.24278846153846154 0.11057692307692307
0 0.296875 0.32572115384615385 0.1778846153846154 0.13701923076923078
0 0.5096153846153846 0.3798076923076923 0.04567307692307692 0.05048076923076923
0 0.18028846153846154 0.5024038461538461 0.07451923076923077 0.15384615384615385
0 0.42788461538461536 0.5168269230769231 0.07932692307692307 0.10096153846153846
0 0.6875 0.5408653846153846 0.09375 0.11298076923076923
0 0.11778846153846154 0.5829326923076923 0.04326923076923077 0.057692307692307696
0 0.15625 0.5889423076923077 0.04807692307692308 0.15625
0 0.09014423076923077 0.6117788461538461 0.07211538461538461 0.08653846153846154
