0 0.35216346153846156 0.7103365384615384 0.057692307692307696 0.040865384615384616
0 0.22235576923076922 0.7728365384615384 0.13221153846153846 0.1201923076923077
0 0.4326923076923077 0.5492788461538461 0.11298076923076923 0.11778846153846154
0 0.8245192307692307 0.33774038461538464 0.13942307692307693 0.14423076923076922
0 0.16466346153846154 0.6334134615384616 0.125 0.13701923076923078
0 0.2824519230769231 0.5504807692307693 0.09134615384615384 0.09615384615384616
0 0.3942307692307692 0.48677884615384615 0.36778846153846156 0.4639423076923077
0 0.7319711538461539 0.30649038461538464 0.4831730769230769 0.43990384615384615
0 0.140625 0.6081730769230769 0.27884615384615385 0.3076923076923077
0 0.6430288461538461 0.33052884615384615 0.13221153846153846 0.13221153846153846
0 0.5108173076923077 0.39302884615384615 0.1201923076923077 0.14182692307692307
