0 0.7007211538461539 0.3173076923076923 0.052884615384615384 0.0625
0 0.7572115384615384 0.26802884615384615 0.10817307692307693 0.09615384615384616
0 0.5396634615384616 0.3737980769230769 0.06971153846153846 0.0889423076923077
0 0.46153846153846156 0.4110576923076923 0.12740384615384615 0.13701923076923078
0 0.6923076923076923 0.2764423076923077 0.21634615384615385 0.21394230769230768
0 0.28125 0.47836538461538464 0.11778846153846154 0.13221153846153846
0 0.36658653846153844 0.4182692307692308 0.10817307692307693 0.11538461538461539
0 0.6502403846153846 0.2704326923076923 0.07451923076923077 0.08173076923076923
0 0.5793269230769231 0.2956730769230769 0.14423076923076922 0.14423076923076922
0 0.5540865384615384 0.3016826923076923 0.07692307692307693 0.08173076923076923
0 0.41346153846153844 0.34615384615384615 0.1346153846153846 0.13701923076923078
0 0.48677884615384615 0.30288461538461536 0.08173076923076923 0.10096153846153846
0 0.41947115384615385 0.30288461538461536 0.07692307692307693 0.08173076923076923
0 0.31490384615384615 0.3401442307692308 0.13701923076923078 0.17307692307692307
0 0.2283653846153846 0.36658653846153844 0.13701923076923078 0.125
0 0.35697115384615385 0.24879807692307693 0.125 0.11298076923076923
0 0.6033653846153846 0.6947115384615384 0.29086538461538464 0.23798076923076922
0 0.53125 0.7019230769230769 0.13942307692307693 0.13221153846153846
0 0.6790865384615384 0.6189903846153846 0.07451923076923077 0.07692307692307693
0 0.5216346153846154 0.6262019230769231 0.10817307692307693 0.11538461538461539
0 0.6081730769230769 0.5733173076923077 0.08653846153846154 0.08653846153846154
0 0.5673076923076923 0.59375 0.04567307692307692 0.06490384615384616
0 0.7572115384615384 0.39302884615384615 0.09375 0.125
0 0.25 0.6466346153846154 0.13701923076923078 0.12740384615384615
0 0.6694711538461539 0.40384615384615385 0.10817307692307693 0.11057692307692307
0 0.6670673076923077 0.4050480769230769 0.17307692307692307 0.19230769230769232
