0 0.15865384615384615 0.46274038461538464 0.12259615384615384 0.1875
0 0.5745192307692307 0.2860576923076923 0.1466346153846154 0.22115384615384615
0 0.484375 0.28846153846153844 0.09375 0.14182692307692307
0 0.3329326923076923 0.3317307692307692 0.6610576923076923 0.6634615384615384
0 0.19230769230769232 0.3425480769230769 0.17067307692307693 0.19230769230769232
0 0.29447115384615385 0.2668269230769231 0.16105769230769232 0.2091346153846154
0 0.625 0.11057692307692307 0.14423076923076922 0.19951923076923078
0 0.46033653846153844 0.1502403846153846 0.15865384615384615 0.19951923076923078
0 0.32211538461538464 0.14783653846153846 0.12740384615384615 0.1346153846153846
0 0.2536057692307692 0.8040865384615384 0.14182692307692307 0.1466346153846154
0 0.27884615384615385 0.6514423076923077 0.07692307692307693 0.0889423076923077
0 0.36177884615384615 0.484375 0.16826923076923078 0.22115384615384615
0 0.5204326923076923 0.41586538461538464 0.10817307692307693 0.12980769230769232
0 0.11177884615384616 0.5288461538461539 0.125 0.22115384615384615
0 0.453125 0.4170673076923077 0.13701923076923078 0.21394230769230768
