0 0.7055288461538461 0.9134615384615384 0.11057692307692307 0.07451923076923077
0 0.7980769230769231 0.3076923076923077 0.20192307692307693 0.22596153846153846
0 0.3581730769230769 0.38822115384615385 0.20192307692307693 0.21634615384615385
0 0.578125 0.34134615384615385 0.29086538461538464 0.24759615384615385
0 0.3004807692307692 0.29086538461538464 0.4639423076923077 0.34375
0 0.7163461538461539 0.1778846153846154 0.1875 0.12980769230769232
0 0.44471153846153844 0.22596153846153846 0.21875 0.29086538461538464
0 0.265625 0.22355769230769232 0.2403846153846154 0.28125
0 0.48677884615384615 0.8461538461538461 0.14903846153846154 0.12740384615384615
0 0.7512019230769231 0.7283653846153846 0.11778846153846154 0.22596153846153846
0 0.4110576923076923 0.7836538461538461 0.1658653846153846 0.14182692307692307
0 0.8088942307692307 0.59375 0.18990384615384615 0.1466346153846154
0 0.7103365384615384 0.5564903846153846 0.10096153846153846 0.20192307692307693
0 0.29086538461538464 0.6105769230769231 0.17307692307692307 0.16346153846153846
0 0.36538461538461536 0.5877403846153846 0.3701923076923077 0.3629807692307692
0 0.78125 0.47596153846153844 0.11298076923076923 0.11057692307692307
0 0.703125 0.4795673076923077 0.31009615384615385 0.18990384615384615
0 0.6923076923076923 0.9206730769230769 0.16826923076923078 0.12259615384615384
