0 0.9254807692307693 0.7199519230769231 0.08413461538461539 0.16346153846153846
0 0.5829326923076923 0.7223557692307693 0.1875 0.18990384615384615
0 0.14182692307692307 0.7512019230769231 0.1875 0.18509615384615385
0 0.8762019230769231 0.8293269230769231 0.1201923076923077 0.18509615384615385
0 0.43028846153846156 0.7956730769230769 0.8605769230769231 0.40384615384615385
0 0.6766826923076923 0.8557692307692307 0.10576923076923077 0.18990384615384615
0 0.46875 0.8581730769230769 0.28846153846153844 0.27884615384615385
0 0.37259615384615385 0.9110576923076923 0.20673076923076922 0.16346153846153846
0 0.4831730769230769 0.12860576923076922 0.14423076923076922 0.12259615384615384
0 0.12259615384615384 0.11177884615384616 0.1201923076923077 0.11538461538461539
0 0.3581730769230769 0.14182692307692307 0.09615384615384616 0.12980769230769232
0 0.6658653846153846 0.17668269230769232 0.18028846153846154 0.14182692307692307
0 0.4987980769230769 0.17668269230769232 0.9471153846153846 0.2620192307692308
0 0.8076923076923077 0.203125 0.09615384615384616 0.14182692307692307
0 0.27163461538461536 0.17427884615384615 0.1346153846153846 0.14423076923076922
