0 0.9663461538461539 0.6610576923076923 0.0625 0.10096153846153846
0 0.7992788461538461 0.6838942307692307 0.08173076923076923 0.12259615384615384
0 0.8689903846153846 0.6814903846153846 0.0673076923076923 0.06490384615384616
0 0.1875 0.7163461538461539 0.09375 0.12259615384615384
0 0.578125 0.7175480769230769 0.125 0.3004807692307692
0 0.7319711538461539 0.7319711538461539 0.10336538461538461 0.07692307692307693
0 0.5552884615384616 0.7415865384615384 0.09134615384615384 0.12980769230769232
0 0.3737980769230769 0.7704326923076923 0.057692307692307696 0.06971153846153846
0 0.43509615384615385 0.7764423076923077 0.055288461538461536 0.11057692307692307
0 0.44350961538461536 0.7932692307692307 0.18509615384615385 0.13701923076923078
0 0.6646634615384616 0.7848557692307693 0.08413461538461539 0.16826923076923078
0 0.6862980769230769 0.36778846153846156 0.07932692307692307 0.04326923076923077
0 0.6862980769230769 0.3737980769230769 0.17548076923076922 0.10336538461538461
0 0.4074519230769231 0.41225961538461536 0.1875 0.11538461538461539
0 0.3737980769230769 0.4387019230769231 0.06009615384615385 0.06009615384615385
