0 0.5673076923076923 0.31009615384615385 0.11778846153846154 0.13942307692307693
0 0.4483173076923077 0.27283653846153844 0.16346153846153846 0.15865384615384615
0 0.6622596153846154 0.36778846153846156 0.14182692307692307 0.11778846153846154
0 0.4387019230769231 0.41586538461538464 0.10576923076923077 0.10096153846153846
0 0.45552884615384615 0.5108173076923077 0.125 0.11778846153846154
0 0.4987980769230769 0.5661057692307693 0.6418269230769231 0.8629807692307693
0 0.037259615384615384 0.5204326923076923 0.07451923076923077 0.15625
0 0.32211538461538464 0.703125 0.18509615384615385 0.22355769230769232
0 0.6899038461538461 0.8810096153846154 0.13221153846153846 0.11298076923076923
0 0.109375 0.7247596153846154 0.21875 0.24759615384615385
0 0.359375 0.8317307692307693 0.25240384615384615 0.27884615384615385
0 0.7536057692307693 0.9519230769230769 0.19951923076923078 0.09134615384615384
0 0.7560096153846154 0.2776442307692308 0.09134615384615384 0.08173076923076923
