0 0.24879807692307693 0.31490384615384615 0.06971153846153846 0.06009615384615385
0 0.40024038461538464 0.3233173076923077 0.8004807692307693 0.3004807692307692
0 0.038461538461538464 0.4014423076923077 0.07692307692307693 0.1201923076923077
0 0.5228365384615384 0.33052884615384615 0.0889423076923077 0.07932692307692307
0 0.7283653846153846 0.296875 0.09615384615384616 0.055288461538461536
0 0.18269230769230768 0.4074519230769231 0.08413461538461539 0.09134615384615384
0 0.6418269230769231 0.32211538461538464 0.08173076923076923 0.11057692307692307
0 0.09735576923076923 0.4567307692307692 0.052884615384615384 0.06490384615384616
0 0.4639423076923077 0.38822115384615385 0.055288461538461536 0.07451923076923077
0 0.24278846153846154 0.4483173076923077 0.0673076923076923 0.055288461538461536
0 0.8990384615384616 0.4891826923076923 0.052884615384615384 0.04326923076923077
0 0.4375 0.640625 0.07211538461538461 0.0625
0 0.5552884615384616 0.6334134615384616 0.10817307692307693 0.14423076923076922
0 0.6538461538461539 0.6225961538461539 0.09615384615384616 0.12259615384615384
0 0.7367788461538461 0.609375 0.13942307692307693 0.09615384615384616
0 0.5384615384615384 0.6850961538461539 0.12740384615384615 0.10817307692307693
0 0.6538461538461539 0.671875 0.09375 0.10336538461538461
0 0.43028846153846156 0.7223557692307693 0.15865384615384615 0.13942307692307693
