0 0.6418269230769231 0.6526442307692307 0.27403846153846156 0.16105769230769232
0 0.4675480769230769 0.578125 0.12259615384615384 0.09375
0 0.30649038461538464 0.5132211538461539 0.125 0.11538461538461539
0 0.19110576923076922 0.4170673076923077 0.1466346153846154 0.09615384615384616
0 0.9014423076923077 0.5588942307692307 0.19471153846153846 0.17067307692307693
0 0.2956730769230769 0.3581730769230769 0.5913461538461539 0.4855769230769231
0 0.3581730769230769 0.3605769230769231 0.4519230769230769 0.5649038461538461
0 0.7824519230769231 0.42788461538461536 0.27884615384615385 0.2548076923076923
0 0.7211538461538461 0.3473557692307692 0.21634615384615385 0.0985576923076923
0 0.28365384615384615 0.125 0.15625 0.11057692307692307
