0 0.28125 0.5360576923076923 0.16346153846153846 0.1875
0 0.21153846153846154 0.5252403846153846 0.4230769230769231 0.5649038461538461
0 0.6814903846153846 0.6814903846153846 0.1201923076923077 0.12259615384615384
0 0.5444711538461539 0.6598557692307693 0.21394230769230768 0.17307692307692307
0 0.057692307692307696 0.5769230769230769 0.10336538461538461 0.11298076923076923
0 0.39302884615384615 0.6646634615384616 0.7860576923076923 0.46875
0 0.06490384615384616 0.6213942307692307 0.12980769230769232 0.20432692307692307
0 0.3545673076923077 0.703125 0.18028846153846154 0.17067307692307693
0 0.22235576923076922 0.6983173076923077 0.16105769230769232 0.17548076923076922
0 0.5745192307692307 0.21995192307692307 0.13942307692307693 0.08413461538461539
0 0.5528846153846154 0.2536057692307692 0.2860576923076923 0.19230769230769232
0 0.5204326923076923 0.2776442307692308 0.15384615384615385 0.0889423076923077
0 0.29086538461538464 0.3762019230769231 0.1201923076923077 0.11778846153846154
