0 0.6923076923076923 0.5036057692307693 0.052884615384615384 0.052884615384615384
0 0.2776442307692308 0.7391826923076923 0.0673076923076923 0.0673076923076923
0 0.10096153846153846 0.78125 0.07211538461538461 0.07692307692307693
0 0.19230769230769232 0.7728365384615384 0.11298076923076923 0.07211538461538461
0 0.6838942307692307 0.0829326923076923 0.057692307692307696 0.0625
0 0.22115384615384615 0.171875 0.0889423076923077 0.055288461538461536
0 0.7211538461538461 0.16706730769230768 0.09134615384615384 0.09615384615384616
0 0.6526442307692307 0.2091346153846154 0.09134615384615384 0.08653846153846154
0 0.3870192307692308 0.2608173076923077 0.09615384615384616 0.18028846153846154
0 0.15865384615384615 0.3233173076923077 0.3173076923076923 0.13221153846153846
0 0.12259615384615384 0.33653846153846156 0.23557692307692307 0.1875
