0 0.6959134615384616 0.35096153846153844 0.0673076923076923 0.12980769230769232
0 0.6105769230769231 0.31971153846153844 0.11538461538461539 0.1466346153846154
0 0.5637019230769231 0.3004807692307692 0.1201923076923077 0.2091346153846154
0 0.7776442307692307 0.34975961538461536 0.18028846153846154 0.3317307692307692
0 0.7415865384615384 0.27403846153846156 0.28846153846153844 0.2764423076923077
0 0.5360576923076923 0.5625 0.07932692307692307 0.10096153846153846
0 0.5588942307692307 0.5637019230769231 0.17307692307692307 0.16826923076923078
0 0.5432692307692307 0.5432692307692307 0.057692307692307696 0.08413461538461539
0 0.6081730769230769 0.5444711538461539 0.09375 0.09134615384615384
0 0.4951923076923077 0.34615384615384615 0.0673076923076923 0.08653846153846154
0 0.4963942307692308 0.3329326923076923 0.14423076923076922 0.20432692307692307
