0 0.49278846153846156 0.39903846153846156 0.07451923076923077 0.06971153846153846
0 0.8834134615384616 0.6237980769230769 0.05048076923076923 0.04807692307692308
0 0.5721153846153846 0.48197115384615385 0.07451923076923077 0.08173076923076923
0 0.15384615384615385 0.25600961538461536 0.06009615384615385 0.0625
0 0.6802884615384616 0.5504807692307693 0.040865384615384616 0.036057692307692304
0 0.7908653846153846 0.6177884615384616 0.07211538461538461 0.06009615384615385
0 0.7560096153846154 0.6802884615384616 0.0673076923076923 0.055288461538461536
0 0.4362980769230769 0.5060096153846154 0.08413461538461539 0.07451923076923077
0 0.47115384615384615 0.5552884615384616 0.052884615384615384 0.04807692307692308
0 0.24639423076923078 0.4387019230769231 0.12740384615384615 0.1346153846153846
0 0.734375 0.7331730769230769 0.11538461538461539 0.11298076923076923
0 0.3425480769230769 0.5745192307692307 0.0625 0.055288461538461536
0 0.41466346153846156 0.6189903846153846 0.10817307692307693 0.10576923076923077
0 0.38221153846153844 0.6033653846153846 0.20432692307692307 0.20673076923076922
0 0.6418269230769231 0.7548076923076923 0.11057692307692307 0.11298076923076923
0 0.5901442307692307 0.7283653846153846 0.10817307692307693 0.10576923076923077
0 0.28125 0.5600961538461539 0.10336538461538461 0.10576923076923077
0 0.11057692307692307 0.49038461538461536 0.12740384615384615 0.12980769230769232
0 0.3329326923076923 0.5733173076923077 0.6658653846153846 0.84375
0 0.7379807692307693 0.8990384615384616 0.15384615384615385 0.17548076923076922
0 0.2091346153846154 0.6153846153846154 0.07211538461538461 0.07932692307692307
0 0.28846153846153844 0.6730769230769231 0.09134615384615384 0.08653846153846154
0 0.16466346153846154 0.6057692307692307 0.2283653846153846 0.23798076923076922
0 0.6009615384615384 0.8725961538461539 0.14903846153846154 0.17307692307692307
0 0.5997596153846154 0.8786057692307693 0.16826923076923078 0.1466346153846154
0 0.4206730769230769 0.796875 0.09375 0.09615384615384616
0 0.40865384615384615 0.8028846153846154 0.29086538461538464 0.29086538461538464
0 0.3605769230769231 0.7764423076923077 0.11778846153846154 0.13221153846153846
0 0.06490384615384616 0.6057692307692307 0.12980769230769232 0.3557692307692308
0 0.6850961538461539 0.9867788461538461 0.125 0.021634615384615384
