0 0.6887019230769231 0.6670673076923077 0.13701923076923078 0.23076923076923078
0 0.7536057692307693 0.7427884615384616 0.12980769230769232 0.13942307692307693
0 0.8449519230769231 0.8509615384615384 0.15144230769230768 0.17067307692307693
0 0.4567307692307692 0.10697115384615384 0.18269230769230768 0.20432692307692307
0 0.6225961538461539 0.16947115384615385 0.0985576923076923 0.125
0 0.6742788461538461 0.21153846153846154 0.12259615384615384 0.15625
0 0.4230769230769231 0.16466346153846154 0.4855769230769231 0.3293269230769231
0 0.8173076923076923 0.27884615384615385 0.2091346153846154 0.23557692307692307
0 0.6658653846153846 0.23197115384615385 0.24278846153846154 0.2692307692307692
0 0.30288461538461536 0.12740384615384615 0.2403846153846154 0.2548076923076923
0 0.7860576923076923 0.30649038461538464 0.17067307692307693 0.16346153846153846
0 0.5276442307692307 0.22956730769230768 0.18509615384615385 0.18028846153846154
0 0.4254807692307692 0.20552884615384615 0.13942307692307693 0.16105769230769232
0 0.6658653846153846 0.32091346153846156 0.12740384615384615 0.07932692307692307
0 0.7980769230769231 0.6418269230769231 0.09615384615384616 0.13942307692307693
