0 0.6430288461538461 0.24879807692307693 0.1658653846153846 0.11057692307692307
0 0.6298076923076923 0.2800480769230769 0.4423076923076923 0.2283653846153846
0 0.5384615384615384 0.32091346153846156 0.20432692307692307 0.08413461538461539
0 0.7680288461538461 0.3161057692307692 0.10576923076923077 0.09615384615384616
0 0.8533653846153846 0.31971153846153844 0.11298076923076923 0.057692307692307696
0 0.4026442307692308 0.40625 0.16826923076923078 0.13221153846153846
0 0.8449519230769231 0.7007211538461539 0.23076923076923078 0.18509615384615385
0 0.21754807692307693 0.7524038461538461 0.41586538461538464 0.49038461538461536
0 0.328125 0.7716346153846154 0.15865384615384615 0.28846153846153844
0 0.5769230769230769 0.7752403846153846 0.8413461538461539 0.44471153846153844
0 0.6550480769230769 0.7956730769230769 0.2860576923076923 0.2692307692307692
0 0.84375 0.9026442307692307 0.19951923076923078 0.14182692307692307
