0 0.4567307692307692 0.4338942307692308 0.06971153846153846 0.07932692307692307
0 0.6286057692307693 0.45072115384615385 0.04567307692307692 0.05048076923076923
0 0.33413461538461536 0.29447115384615385 0.07932692307692307 0.08653846153846154
0 0.5564903846153846 0.36658653846153844 0.06971153846153846 0.07692307692307693
0 0.27283653846153844 0.2127403846153846 0.0625 0.07692307692307693
0 0.4723557692307692 0.3161057692307692 0.2644230769230769 0.27884615384615385
0 0.7463942307692307 0.4579326923076923 0.10817307692307693 0.11778846153846154
0 0.16826923076923078 0.140625 0.036057692307692304 0.04326923076923077
0 0.9783653846153846 0.5721153846153846 0.038461538461538464 0.09615384615384616
0 0.703125 0.3942307692307692 0.0985576923076923 0.09615384615384616
0 0.3233173076923077 0.1875 0.12980769230769232 0.125
0 0.22235576923076922 0.11298076923076923 0.06490384615384616 0.0673076923076923
0 0.6033653846153846 0.2980769230769231 0.1466346153846154 0.12259615384615384
0 0.7451923076923077 0.3701923076923077 0.07451923076923077 0.07451923076923077
0 0.5192307692307693 0.24759615384615385 0.10576923076923077 0.11538461538461539
0 0.40625 0.1466346153846154 0.13942307692307693 0.13221153846153846
0 0.3557692307692308 0.0985576923076923 0.057692307692307696 0.0673076923076923
0 0.9543269230769231 0.36538461538461536 0.08653846153846154 0.11057692307692307
0 0.46033653846153844 0.013221153846153846 0.10336538461538461 0.026442307692307692
