0 0.4723557692307692 0.5817307692307693 0.08173076923076923 0.07932692307692307
0 0.41466346153846156 0.5973557692307693 0.08173076923076923 0.07451923076923077
0 0.421875 0.5769230769230769 0.2548076923076923 0.18269230769230768
0 0.5072115384615384 0.5372596153846154 0.07211538461538461 0.055288461538461536
0 0.36658653846153844 0.5649038461538461 0.08413461538461539 0.08173076923076923
0 0.4182692307692308 0.5432692307692307 0.0673076923076923 0.052884615384615384
0 0.45913461538461536 0.5240384615384616 0.03365384615384615 0.038461538461538464
0 0.3173076923076923 0.5709134615384616 0.040865384615384616 0.040865384615384616
0 0.265625 0.3954326923076923 0.11778846153846154 0.11778846153846154
0 0.16466346153846154 0.3473557692307692 0.11778846153846154 0.13701923076923078
0 0.4807692307692308 0.21875 0.30528846153846156 0.30288461538461536
0 0.2608173076923077 0.3016826923076923 0.09134615384615384 0.09375
0 0.09615384615384616 0.328125 0.08653846153846154 0.11057692307692307
0 0.48197115384615385 0.171875 0.41586538461538464 0.34375
0 0.5877403846153846 0.10096153846153846 0.15625 0.1971153846153846
0 0.484375 0.140625 0.1346153846153846 0.14423076923076922
0 0.1935096153846154 0.24278846153846154 0.16826923076923078 0.1971153846153846
0 0.31971153846153844 0.18028846153846154 0.13221153846153846 0.19230769230769232
0 0.027644230769230768 0.29086538461538464 0.055288461538461536 0.08173076923076923
0 0.1141826923076923 0.24639423076923078 0.14182692307692307 0.17067307692307693
0 0.20793269230769232 0.20793269230769232 0.3245192307692308 0.30288461538461536
0 0.265625 0.17307692307692307 0.10096153846153846 0.09375
0 0.40865384615384615 0.09014423076923077 0.057692307692307696 0.05048076923076923
0 0.24278846153846154 0.10336538461538461 0.06490384615384616 0.07932692307692307
