0 0.7283653846153846 0.2439903846153846 0.14182692307692307 0.1875
0 0.3016826923076923 0.390625 0.16826923076923078 0.22115384615384615
0 0.3701923076923077 0.3329326923076923 0.10817307692307693 0.14182692307692307
0 0.5108173076923077 0.3088942307692308 0.7043269230769231 0.6177884615384616
0 0.6237980769230769 0.17668269230769232 0.18509615384615385 0.19951923076923078
0 0.4963942307692308 0.18870192307692307 0.18028846153846154 0.21634615384615385
0 0.1466346153846154 0.2932692307692308 0.16346153846153846 0.20192307692307693
0 0.29447115384615385 0.21394230769230768 0.17548076923076922 0.20432692307692307
0 0.39663461538461536 0.11899038461538461 0.13701923076923078 0.14182692307692307
0 0.8870192307692307 0.5612980769230769 0.15144230769230768 0.15384615384615385
0 0.765625 0.4651442307692308 0.08413461538461539 0.09134615384615384
0 0.5925480769230769 0.39663461538461536 0.1875 0.2283653846153846
0 0.42788461538461536 0.45072115384615385 0.1201923076923077 0.1346153846153846
0 0.8076923076923077 0.2608173076923077 0.14903846153846154 0.21875
0 0.4795673076923077 0.4074519230769231 0.15865384615384615 0.21394230769230768
