0 0.6177884615384616 0.6418269230769231 0.36778846153846156 0.3245192307692308
0 0.171875 0.6742788461538461 0.22115384615384615 0.1658653846153846
0 0.5252403846153846 0.6790865384615384 0.13221153846153846 0.22115384615384615
0 0.3798076923076923 0.6959134615384616 0.20192307692307693 0.2668269230769231
0 0.7548076923076923 0.7151442307692307 0.08413461538461539 0.13942307692307693
0 0.20552884615384615 0.7596153846153846 0.06971153846153846 0.08413461538461539
0 0.453125 0.7704326923076923 0.055288461538461536 0.07211538461538461
0 0.24879807692307693 0.9170673076923077 0.10817307692307693 0.0889423076923077
0 0.5805288461538461 0.9314903846153846 0.057692307692307696 0.05048076923076923
0 0.2704326923076923 0.9338942307692307 0.052884615384615384 0.07692307692307693
0 0.3798076923076923 0.4170673076923077 0.07211538461538461 0.07211538461538461
0 0.3786057692307692 0.5132211538461539 0.07692307692307693 0.0889423076923077
