0 0.515625 0.6418269230769231 0.1466346153846154 0.19230769230769232
0 0.71875 0.6778846153846154 0.16346153846153846 0.20432692307692307
0 0.5949519230769231 0.6225961538461539 0.23317307692307693 0.24278846153846154
0 0.33052884615384615 0.5673076923076923 0.16826923076923078 0.20432692307692307
0 0.6670673076923077 0.6009615384615384 0.13701923076923078 0.18028846153846154
0 0.33533653846153844 0.49278846153846156 0.20192307692307693 0.18509615384615385
0 0.18870192307692307 0.3894230769230769 0.24759615384615385 0.11538461538461539
0 0.6418269230769231 0.43990384615384615 0.1466346153846154 0.18269230769230768
0 0.4050480769230769 0.359375 0.21153846153846154 0.18269230769230768
0 0.6983173076923077 0.37259615384615385 0.15865384615384615 0.20673076923076922
0 0.21995192307692307 0.23197115384615385 0.15625 0.18028846153846154
0 0.5528846153846154 0.1935096153846154 0.2283653846153846 0.3076923076923077
0 0.8040865384615384 0.21033653846153846 0.1971153846153846 0.3317307692307692
0 0.19951923076923078 0.10216346153846154 0.22596153846153846 0.20432692307692307
0 0.9627403846153846 0.20072115384615385 0.06971153846153846 0.23317307692307693
0 0.9483173076923077 0.1875 0.0985576923076923 0.22115384615384615
0 0.5252403846153846 0.08774038461538461 0.2620192307692308 0.17548076923076922
