0 0.6418269230769231 0.20793269230769232 0.11057692307692307 0.0673076923076923
0 0.47716346153846156 0.23317307692307693 0.08653846153846154 0.052884615384615384
0 0.7596153846153846 0.20432692307692307 0.12259615384615384 0.07211538461538461
0 0.5516826923076923 0.23317307692307693 0.4879807692307692 0.14903846153846154
0 0.42427884615384615 0.25 0.0985576923076923 0.03365384615384615
0 0.5853365384615384 0.24158653846153846 0.09615384615384616 0.055288461538461536
0 0.47475961538461536 0.27283653846153844 0.17307692307692307 0.06490384615384616
0 0.7271634615384616 0.2704326923076923 0.11778846153846154 0.04567307692307692
0 0.2608173076923077 0.4963942307692308 0.23798076923076922 0.1201923076923077
0 0.8569711538461539 0.44471153846153844 0.21875 0.12740384615384615
0 0.6899038461538461 0.47836538461538464 0.19951923076923078 0.13942307692307693
0 0.140625 0.5793269230769231 0.25721153846153844 0.12259615384615384
0 0.5264423076923077 0.5432692307692307 0.21394230769230768 0.12980769230769232
