0 0.39302884615384615 0.5204326923076923 0.0985576923076923 0.11778846153846154
0 0.6923076923076923 0.5925480769230769 0.057692307692307696 0.07451923076923077
0 0.28725961538461536 0.5793269230769231 0.11298076923076923 0.10817307692307693
0 0.203125 0.6081730769230769 0.09375 0.15865384615384615
0 0.4170673076923077 0.6814903846153846 0.18028846153846154 0.15625
0 0.5 0.734375 0.08653846153846154 0.1778846153846154
0 0.28846153846153844 0.7019230769230769 0.14423076923076922 0.1201923076923077
0 0.7391826923076923 0.8040865384615384 0.11778846153846154 0.13942307692307693
0 0.4170673076923077 0.8088942307692307 0.14182692307692307 0.14423076923076922
0 0.6682692307692307 0.9507211538461539 0.09134615384615384 0.09375
0 0.6514423076923077 0.3737980769230769 0.07932692307692307 0.06971153846153846
0 0.5865384615384616 0.38822115384615385 0.23317307692307693 0.1466346153846154
0 0.5432692307692307 0.39783653846153844 0.08413461538461539 0.07451923076923077
0 0.6286057692307693 0.4170673076923077 0.07692307692307693 0.06009615384615385
