0 0.5036057692307693 0.37740384615384615 0.06490384615384616 0.11538461538461539
0 0.9110576923076923 0.38341346153846156 0.13701923076923078 0.0985576923076923
0 0.4338942307692308 0.33413461538461536 0.06971153846153846 0.10336538461538461
0 0.04567307692307692 0.31490384615384615 0.05048076923076923 0.09134615384615384
0 0.6658653846153846 0.31009615384615385 0.11057692307692307 0.1346153846153846
0 0.19951923076923078 0.28365384615384615 0.057692307692307696 0.0673076923076923
0 0.3269230769230769 0.27403846153846156 0.0889423076923077 0.11057692307692307
0 0.5637019230769231 0.2668269230769231 0.10336538461538461 0.12740384615384615
0 0.7415865384615384 0.7944711538461539 0.08653846153846154 0.08653846153846154
0 0.7295673076923077 0.7584134615384616 0.18990384615384615 0.18509615384615385
0 0.6802884615384616 0.7355769230769231 0.0625 0.10336538461538461
0 0.7463942307692307 0.7259615384615384 0.07211538461538461 0.09134615384615384
