0 0.4026442307692308 0.5612980769230769 0.09134615384615384 0.0889423076923077
0 0.4963942307692308 0.6586538461538461 0.1201923076923077 0.07692307692307693
0 0.24519230769230768 0.5961538461538461 0.04567307692307692 0.057692307692307696
0 0.47115384615384615 0.6550480769230769 0.06490384615384616 0.057692307692307696
0 0.3473557692307692 0.6237980769230769 0.07692307692307693 0.07932692307692307
0 0.35336538461538464 0.6286057692307693 0.43028846153846156 0.19230769230769232
0 0.6538461538461539 0.7139423076923077 0.038461538461538464 0.057692307692307696
0 0.796875 0.7620192307692307 0.08653846153846154 0.10096153846153846
0 0.7271634615384616 0.7475961538461539 0.026442307692307692 0.026442307692307692
0 0.6310096153846154 0.7391826923076923 0.14182692307692307 0.12980769230769232
