0 0.5649038461538461 0.4182692307692308 0.15625 0.08173076923076923
0 0.3449519230769231 0.5012019230769231 0.12259615384615384 0.10336538461538461
0 0.6370192307692307 0.4495192307692308 0.7019230769230769 0.25721153846153844
0 0.09495192307692307 0.6478365384615384 0.12980769230769232 0.09134615384615384
0 0.4963942307692308 0.6310096153846154 0.15384615384615385 0.11298076923076923
0 0.75 0.5841346153846154 0.3173076923076923 0.14903846153846154
0 0.9651442307692307 0.6177884615384616 0.06490384615384616 0.07692307692307693
0 0.39302884615384615 0.11177884615384616 0.21153846153846154 0.18990384615384615
0 0.5432692307692307 0.0985576923076923 0.15384615384615385 0.09134615384615384
0 0.40384615384615385 0.12740384615384615 0.6538461538461539 0.2283653846153846
0 0.6622596153846154 0.08173076923076923 0.12259615384615384 0.10336538461538461
0 0.15625 0.19110576923076922 0.21153846153846154 0.13701923076923078
0 0.9110576923076923 0.2644230769230769 0.10817307692307693 0.10096153846153846
0 0.8161057692307693 0.28725961538461536 0.11538461538461539 0.0889423076923077
0 0.057692307692307696 0.4519230769230769 0.11538461538461539 0.20673076923076922
0 0.8713942307692307 0.3016826923076923 0.22115384615384615 0.24519230769230768
