0 0.6586538461538461 0.3449519230769231 0.21394230769230768 0.11778846153846154
0 0.34975961538461536 0.4519230769230769 0.125 0.16346153846153846
0 0.4326923076923077 0.45072115384615385 0.08653846153846154 0.09375
0 0.3942307692307692 0.4699519230769231 0.05048076923076923 0.07451923076923077
0 0.4795673076923077 0.4675480769230769 0.038461538461538464 0.057692307692307696
0 0.3137019230769231 0.5264423076923077 0.03125 0.04326923076923077
0 0.6069711538461539 0.5985576923076923 0.052884615384615384 0.06009615384615385
0 0.5625 0.6382211538461539 0.09134615384615384 0.06009615384615385
0 0.6430288461538461 0.6213942307692307 0.07451923076923077 0.09375
0 0.984375 0.5649038461538461 0.026442307692307692 0.08653846153846154
0 0.9771634615384616 0.5673076923076923 0.040865384615384616 0.10576923076923077
0 0.8173076923076923 0.6225961538461539 0.12980769230769232 0.16346153846153846
0 0.6502403846153846 0.6658653846153846 0.10336538461538461 0.07451923076923077
0 0.5673076923076923 0.7007211538461539 0.11298076923076923 0.0985576923076923
0 0.24158653846153846 0.796875 0.08173076923076923 0.0985576923076923
0 0.6658653846153846 0.7175480769230769 0.2403846153846154 0.30528846153846156
0 0.7944711538461539 0.6887019230769231 0.08653846153846154 0.09615384615384616
0 0.703125 0.7235576923076923 0.0985576923076923 0.11778846153846154
0 0.4387019230769231 0.7956730769230769 0.0889423076923077 0.10817307692307693
0 0.5048076923076923 0.7824519230769231 0.07932692307692307 0.11298076923076923
0 0.3858173076923077 0.8341346153846154 0.04807692307692308 0.057692307692307696
0 0.5504807692307693 0.7932692307692307 0.0985576923076923 0.14182692307692307
0 0.29086538461538464 0.859375 0.16346153846153846 0.10336538461538461
0 0.359375 0.9435096153846154 0.026442307692307692 0.038461538461538464
