0 0.6117788461538461 0.25600961538461536 0.08413461538461539 0.10096153846153846
0 0.5036057692307693 0.3245192307692308 0.3918269230769231 0.3701923076923077
0 0.4074519230769231 0.3557692307692308 0.6754807692307693 0.31490384615384615
0 0.6778846153846154 0.2824519230769231 0.06009615384615385 0.07451923076923077
0 0.18990384615384615 0.8305288461538461 0.17067307692307693 0.23557692307692307
0 0.8461538461538461 0.6598557692307693 0.30288461538461536 0.5216346153846154
0 0.39663461538461536 0.7884615384615384 0.3605769230769231 0.4182692307692308
0 0.1141826923076923 0.8341346153846154 0.1658653846153846 0.3269230769230769
0 0.5192307692307693 0.8942307692307693 0.38461538461538464 0.20673076923076922
0 0.25600961538461536 0.9447115384615384 0.3004807692307692 0.10576923076923077
0 0.47836538461538464 0.171875 0.12259615384615384 0.09134615384615384
