0 0.41586538461538464 0.4807692307692308 0.17307692307692307 0.1778846153846154
0 0.23076923076923078 0.453125 0.17548076923076922 0.125
0 0.5 0.5709134615384616 0.3942307692307692 0.20673076923076922
0 0.9182692307692307 0.6802884615384616 0.0889423076923077 0.12259615384615384
0 0.5564903846153846 0.5985576923076923 0.23076923076923078 0.15144230769230768
0 0.9182692307692307 0.7115384615384616 0.055288461538461536 0.03365384615384615
0 0.03365384615384615 0.5300480769230769 0.0673076923076923 0.15625
0 0.6526442307692307 0.7271634615384616 0.5144230769230769 0.22115384615384615
0 0.8137019230769231 0.796875 0.15384615384615385 0.09375
0 0.4639423076923077 0.7524038461538461 0.28125 0.20432692307692307
0 0.7451923076923077 0.9603365384615384 0.22596153846153846 0.07451923076923077
0 0.6478365384615384 0.33653846153846156 0.06490384615384616 0.04567307692307692
0 0.8076923076923077 0.3798076923076923 0.18990384615384615 0.11538461538461539
0 0.5925480769230769 0.3798076923076923 0.13701923076923078 0.09375
0 0.10697115384615384 0.26802884615384615 0.11538461538461539 0.06971153846153846
0 0.25841346153846156 0.33413461538461536 0.11778846153846154 0.08413461538461539
0 0.8942307692307693 0.5084134615384616 0.06971153846153846 0.055288461538461536
