0 0.32091346153846156 0.8461538461538461 0.17548076923076922 0.10576923076923077
0 0.3269230769230769 0.7427884615384616 0.2764423076923077 0.17307692307692307
0 0.41466346153846156 0.7560096153846154 0.1201923076923077 0.125
0 0.3125 0.6418269230769231 0.11298076923076923 0.08413461538461539
0 0.4543269230769231 0.65625 0.12259615384615384 0.10817307692307693
0 0.4014423076923077 0.5072115384615384 0.2091346153846154 0.17067307692307693
0 0.6105769230769231 0.5552884615384616 0.0889423076923077 0.09375
0 0.4723557692307692 0.4963942307692308 0.4495192307692308 0.4831730769230769
0 0.71875 0.5180288461538461 0.10576923076923077 0.1346153846153846
0 0.46153846153846156 0.40024038461538464 0.6923076923076923 0.8004807692307693
0 0.3449519230769231 0.30408653846153844 0.28125 0.19951923076923078
0 0.2932692307692308 0.890625 0.12740384615384615 0.0889423076923077
0 0.8209134615384616 0.35336538461538464 0.09134615384615384 0.0985576923076923
0 0.6706730769230769 0.22596153846153846 0.19951923076923078 0.20432692307692307
