0 0.5288461538461539 0.5360576923076923 0.2548076923076923 0.31009615384615385
0 0.6658653846153846 0.5901442307692307 0.34615384615384615 0.20432692307692307
0 0.3485576923076923 0.6862980769230769 0.22115384615384615 0.4254807692307692
0 0.2536057692307692 0.8125 0.2668269230769231 0.3701923076923077
0 0.04807692307692308 0.8413461538461539 0.055288461538461536 0.2091346153846154
0 0.4387019230769231 0.20432692307692307 0.2091346153846154 0.12740384615384615
0 0.20673076923076922 0.2283653846153846 0.24519230769230768 0.1658653846153846
0 0.6225961538461539 0.20192307692307693 0.18028846153846154 0.11538461538461539
0 0.04927884615384615 0.4699519230769231 0.07692307692307693 0.11778846153846154
0 0.7367788461538461 0.4579326923076923 0.18990384615384615 0.24759615384615385
