0 0.4483173076923077 0.27163461538461536 0.3293269230769231 0.31971153846153844
0 0.5877403846153846 0.2548076923076923 0.14182692307692307 0.12740384615384615
0 0.5865384615384616 0.28125 0.18509615384615385 0.15144230769230768
0 0.7752403846153846 0.22596153846153846 0.20432692307692307 0.18509615384615385
0 0.6057692307692307 0.32572115384615385 0.3389423076923077 0.31009615384615385
0 0.5336538461538461 0.3641826923076923 0.13701923076923078 0.13701923076923078
0 0.34375 0.47716346153846156 0.13701923076923078 0.1346153846153846
0 0.46634615384615385 0.5168269230769231 0.13221153846153846 0.15144230769230768
0 0.4050480769230769 0.5757211538461539 0.14182692307692307 0.16826923076923078
0 0.5252403846153846 0.5384615384615384 0.15625 0.12980769230769232
0 0.59375 0.5480769230769231 0.0985576923076923 0.08413461538461539
0 0.2980769230769231 0.8762019230769231 0.3125 0.24278846153846154
0 0.6262019230769231 0.8581730769230769 0.22596153846153846 0.23798076923076922
0 0.39302884615384615 0.2548076923076923 0.14423076923076922 0.14903846153846154
