0 0.6923076923076923 0.7043269230769231 0.13221153846153846 0.18269230769230768
0 0.5060096153846154 0.7716346153846154 0.09375 0.10576923076923077
0 0.8257211538461539 0.5288461538461539 0.18028846153846154 0.1658653846153846
0 0.3004807692307692 0.734375 0.5576923076923077 0.5264423076923077
0 0.1502403846153846 0.8100961538461539 0.22596153846153846 0.3293269230769231
0 0.7259615384615384 0.4855769230769231 0.5432692307692307 0.7451923076923077
0 0.8930288461538461 0.375 0.2091346153846154 0.34134615384615385
0 0.44350961538461536 0.5637019230769231 0.21394230769230768 0.25721153846153844
0 0.4375 0.5528846153846154 0.24278846153846154 0.28846153846153844
0 0.7992788461538461 0.36538461538461536 0.15625 0.16826923076923078
0 0.1502403846153846 0.6189903846153846 0.20432692307692307 0.23557692307692307
0 0.59375 0.29086538461538464 0.17067307692307693 0.23317307692307693
0 0.46634615384615385 0.3088942307692308 0.28365384615384615 0.4254807692307692
0 0.06370192307692307 0.5012019230769231 0.12740384615384615 0.34375
0 0.12860576923076922 0.40384615384615385 0.24519230769230768 0.2668269230769231
0 0.11778846153846154 0.265625 0.23557692307692307 0.2860576923076923
0 0.7439903846153846 0.8028846153846154 0.1658653846153846 0.1875
0 0.4807692307692308 0.8629807692307693 0.11778846153846154 0.14903846153846154
0 0.34975961538461536 0.8942307692307693 0.18509615384615385 0.20673076923076922
