0 0.042067307692307696 0.49278846153846156 0.08413461538461539 0.15865384615384615
0 0.1875 0.3858173076923077 0.12980769230769232 0.18509615384615385
0 0.5757211538461539 0.24759615384615385 0.1971153846153846 0.22596153846153846
0 0.796875 0.1310096153846154 0.19230769230769232 0.21875
0 0.2920673076923077 0.2800480769230769 0.11778846153846154 0.17548076923076922
0 0.04326923076923077 0.35336538461538464 0.08653846153846154 0.15384615384615385
0 0.43028846153846156 0.21875 0.18028846153846154 0.23798076923076922
0 0.18629807692307693 0.2608173076923077 0.11778846153846154 0.13221153846153846
0 0.3088942307692308 0.1814903846153846 0.09134615384615384 0.16105769230769232
0 0.0625 0.22355769230769232 0.125 0.15384615384615385
0 0.7415865384615384 0.037259615384615384 0.21394230769230768 0.07451923076923077
0 0.4026442307692308 0.06971153846153846 0.16105769230769232 0.13942307692307693
0 0.15745192307692307 0.8245192307692307 0.10336538461538461 0.11778846153846154
0 0.24519230769230768 0.7896634615384616 0.07692307692307693 0.12980769230769232
0 0.28725961538461536 0.7716346153846154 0.09375 0.15625
0 0.41225961538461536 0.7199519230769231 0.11778846153846154 0.1971153846153846
0 0.46153846153846156 0.703125 0.12980769230769232 0.14182692307692307
0 0.13221153846153846 0.7992788461538461 0.15865384615384615 0.18028846153846154
0 0.49038461538461536 0.6862980769230769 0.125 0.24759615384615385
0 0.18870192307692307 0.7632211538461539 0.04567307692307692 0.07932692307692307
0 0.5492788461538461 0.6394230769230769 0.12980769230769232 0.23317307692307693
0 0.1141826923076923 0.7704326923076923 0.08653846153846154 0.09615384615384616
0 0.32211538461538464 0.6802884615384616 0.11057692307692307 0.2644230769230769
0 0.38822115384615385 0.5564903846153846 0.09615384615384616 0.13221153846153846
0 0.5997596153846154 0.453125 0.125 0.12980769230769232
0 0.8413461538461539 0.3629807692307692 0.11057692307692307 0.15144230769230768
0 0.4651442307692308 0.4495192307692308 0.12980769230769232 0.20432692307692307
0 0.7403846153846154 0.3293269230769231 0.18028846153846154 0.23798076923076922
0 0.14302884615384615 0.5024038461538461 0.15625 0.18028846153846154
