0 0.37259615384615385 0.5 0.052884615384615384 0.0625
0 0.45552884615384615 0.3762019230769231 0.23317307692307693 0.31009615384615385
0 0.484375 0.29927884615384615 0.1346153846153846 0.14182692307692307
0 0.4963942307692308 0.2668269230769231 0.13221153846153846 0.125
0 0.5829326923076923 0.21394230769230768 0.31009615384615385 0.3389423076923077
0 0.11658653846153846 0.49158653846153844 0.23317307692307693 0.5504807692307693
0 0.17548076923076922 0.41586538461538464 0.25721153846153844 0.30288461538461536
0 0.20793269230769232 0.3870192307692308 0.09615384615384616 0.11057692307692307
0 0.29447115384615385 0.32211538461538464 0.13942307692307693 0.17307692307692307
0 0.27163461538461536 0.359375 0.5432692307692307 0.6610576923076923
0 0.14302884615384615 0.38221153846153844 0.10817307692307693 0.10817307692307693
0 0.04807692307692308 0.4170673076923077 0.09615384615384616 0.18990384615384615
0 0.03365384615384615 0.4110576923076923 0.06009615384615385 0.06009615384615385
0 0.48677884615384615 0.10216346153846154 0.16346153846153846 0.1658653846153846
0 0.5697115384615384 0.10096153846153846 0.46634615384615385 0.20192307692307693
0 0.5913461538461539 0.03485576923076923 0.16346153846153846 0.06971153846153846
0 0.09014423076923077 0.2091346153846154 0.15625 0.14903846153846154
