0 0.5084134615384616 0.39302884615384615 0.08413461538461539 0.07211538461538461
0 0.1622596153846154 0.41346153846153844 0.10336538461538461 0.15384615384615385
0 0.09134615384615384 0.421875 0.17307692307692307 0.2644230769230769
0 0.47596153846153844 0.45072115384615385 0.15865384615384615 0.2692307692307692
0 0.30528846153846156 0.44711538461538464 0.5 0.21634615384615385
0 0.6225961538461539 0.49038461538461536 0.036057692307692304 0.0673076923076923
0 0.3125 0.5132211538461539 0.04807692307692308 0.07211538461538461
0 0.6298076923076923 0.6189903846153846 0.07932692307692307 0.11057692307692307
0 0.6322115384615384 0.7199519230769231 0.057692307692307696 0.057692307692307696
0 0.5661057692307693 0.7884615384615384 0.17067307692307693 0.16346153846153846
0 0.640625 0.7944711538461539 0.2091346153846154 0.32211538461538464
0 0.6670673076923077 0.8185096153846154 0.055288461538461536 0.09375
