0 0.10697115384615384 0.27403846153846156 0.21153846153846154 0.30528846153846156
0 0.22235576923076922 0.27884615384615385 0.43509615384615385 0.5576923076923077
0 0.9290865384615384 0.578125 0.13701923076923078 0.31490384615384615
0 0.5637019230769231 0.2283653846153846 0.27403846153846156 0.3173076923076923
0 0.7944711538461539 0.3137019230769231 0.20432692307692307 0.2764423076923077
0 0.9074519230769231 0.3425480769230769 0.18028846153846154 0.2956730769230769
0 0.7475961538461539 0.17548076923076922 0.2860576923076923 0.2620192307692308
0 0.5769230769230769 0.10817307692307693 0.28365384615384615 0.21634615384615385
0 0.36778846153846156 0.6201923076923077 0.34375 0.2548076923076923
0 0.7055288461538461 0.7379807692307693 0.3557692307692308 0.28365384615384615
0 0.7391826923076923 0.75 0.18028846153846154 0.15384615384615385
0 0.36899038461538464 0.5697115384615384 0.21394230769230768 0.23076923076923078
0 0.5264423076923077 0.6237980769230769 0.16346153846153846 0.1971153846153846
