0 0.35096153846153844 0.3088942307692308 0.32211538461538464 0.39903846153846156
0 0.8725961538461539 0.40384615384615385 0.11057692307692307 0.21394230769230768
0 0.4182692307692308 0.19110576923076922 0.1466346153846154 0.16105769230769232
0 0.4795673076923077 0.8485576923076923 0.0625 0.09134615384615384
0 0.4723557692307692 0.8257211538461539 0.28365384615384615 0.24278846153846154
0 0.5552884615384616 0.5685096153846154 0.07932692307692307 0.10817307692307693
0 0.46875 0.5384615384615384 0.07932692307692307 0.1201923076923077
0 0.10336538461538461 0.43509615384615385 0.14903846153846154 0.17307692307692307
0 0.515625 0.5204326923076923 0.057692307692307696 0.10817307692307693
0 0.1814903846153846 0.3713942307692308 0.3605769230769231 0.5817307692307693
0 0.7259615384615384 0.49759615384615385 0.1201923076923077 0.20673076923076922
0 0.5769230769230769 0.453125 0.15144230769230768 0.16346153846153846
0 0.7956730769230769 0.49278846153846156 0.40384615384615385 0.8557692307692307
0 0.41947115384615385 0.3713942307692308 0.08173076923076923 0.10817307692307693
0 0.41586538461538464 0.3401442307692308 0.5817307692307693 0.5961538461538461
