0 0.14302884615384615 0.5084134615384616 0.07692307692307693 0.16105769230769232
0 0.45072115384615385 0.47596153846153844 0.040865384615384616 0.10336538461538461
0 0.14903846153846154 0.49399038461538464 0.09615384615384616 0.13701923076923078
0 0.28725961538461536 0.4338942307692308 0.08173076923076923 0.05048076923076923
0 0.5144230769230769 0.4182692307692308 0.06490384615384616 0.08413461538461539
0 0.4170673076923077 0.42427884615384615 0.0985576923076923 0.11298076923076923
0 0.18629807692307693 0.4387019230769231 0.04807692307692308 0.0673076923076923
0 0.328125 0.8641826923076923 0.25721153846153844 0.16105769230769232
0 0.6370192307692307 0.8341346153846154 0.036057692307692304 0.057692307692307696
0 0.27403846153846156 0.8485576923076923 0.0985576923076923 0.11057692307692307
0 0.3449519230769231 0.8365384615384616 0.057692307692307696 0.12980769230769232
0 0.4026442307692308 0.8317307692307693 0.038461538461538464 0.0889423076923077
0 0.6165865384615384 0.8173076923076923 0.2692307692307692 0.16826923076923078
0 0.6971153846153846 0.8052884615384616 0.0889423076923077 0.125
0 0.5360576923076923 0.8100961538461539 0.08653846153846154 0.125
0 0.5997596153846154 0.8028846153846154 0.04567307692307692 0.07211538461538461
