0 0.3389423076923077 0.65625 0.052884615384615384 0.0673076923076923
0 0.3605769230769231 0.7139423076923077 0.05048076923076923 0.0625
0 0.23197115384615385 0.7704326923076923 0.057692307692307696 0.07451923076923077
0 0.24879807692307693 0.7692307692307693 0.18990384615384615 0.20432692307692307
0 0.4567307692307692 0.6923076923076923 0.10817307692307693 0.14182692307692307
0 0.5192307692307693 0.6887019230769231 0.06009615384615385 0.08413461538461539
0 0.3762019230769231 0.7896634615384616 0.31971153846153844 0.41586538461538464
0 0.5456730769230769 0.7403846153846154 0.11778846153846154 0.14423076923076922
0 0.32091346153846156 0.9026442307692307 0.1346153846153846 0.16826923076923078
0 0.23677884615384615 0.9314903846153846 0.13701923076923078 0.13221153846153846
0 0.6394230769230769 0.8149038461538461 0.12259615384615384 0.13701923076923078
0 0.5757211538461539 0.8605769230769231 0.27163461538461536 0.27403846153846156
0 0.45072115384615385 0.9350961538461539 0.18028846153846154 0.125
0 0.6021634615384616 0.9387019230769231 0.0985576923076923 0.11538461538461539
