0 0.8954326923076923 0.7776442307692307 0.09134615384615384 0.12259615384615384
0 0.29927884615384615 0.6394230769230769 0.15384615384615385 0.23798076923076922
0 0.7415865384615384 0.6947115384615384 0.15625 0.14423076923076922
0 0.4266826923076923 0.6454326923076923 0.3629807692307692 0.35096153846153844
0 0.17908653846153846 0.5985576923076923 0.1658653846153846 0.27884615384615385
0 0.051682692307692304 0.5480769230769231 0.06971153846153846 0.06490384615384616
0 0.8545673076923077 0.6598557692307693 0.10336538461538461 0.15384615384615385
0 0.5540865384615384 0.6045673076923077 0.15144230769230768 0.18990384615384615
0 0.3713942307692308 0.5612980769230769 0.09375 0.15384615384615385
0 0.8858173076923077 0.5889423076923077 0.07451923076923077 0.08653846153846154
0 0.34615384615384615 0.46274038461538464 0.5913461538461539 0.6490384615384616
0 0.16466346153846154 0.40625 0.1201923076923077 0.14182692307692307
0 0.41586538461538464 0.43990384615384615 0.09134615384615384 0.17548076923076922
0 0.7596153846153846 0.38822115384615385 0.1346153846153846 0.15384615384615385
0 0.20673076923076922 0.29086538461538464 0.18028846153846154 0.35336538461538464
0 0.07211538461538461 0.265625 0.11298076923076923 0.23557692307692307
0 0.9459134615384616 0.33413461538461536 0.0985576923076923 0.1201923076923077
0 0.4543269230769231 0.1778846153846154 0.19230769230769232 0.2932692307692308
0 0.17548076923076922 0.12379807692307693 0.08173076923076923 0.09375
0 0.42788461538461536 0.06610576923076923 0.06490384615384616 0.13221153846153846
0 0.6875 0.9086538461538461 0.13701923076923078 0.14903846153846154
0 0.7487980769230769 0.8665865384615384 0.0889423076923077 0.052884615384615384
0 0.38221153846153844 0.7896634615384616 0.09375 0.17548076923076922
