0 0.24278846153846154 0.3786057692307692 0.038461538461538464 0.040865384615384616
0 0.19591346153846154 0.3389423076923077 0.055288461538461536 0.055288461538461536
0 0.453125 0.33413461538461536 0.04326923076923077 0.052884615384615384
0 0.5817307692307693 0.36177884615384615 0.4519230769230769 0.2644230769230769
0 0.5925480769230769 0.3581730769230769 0.08173076923076923 0.0985576923076923
0 0.41466346153846156 0.3161057692307692 0.11298076923076923 0.15384615384615385
0 0.5709134615384616 0.34375 0.2980769230769231 0.21153846153846154
0 0.4699519230769231 0.28846153846153844 0.052884615384615384 0.06971153846153846
0 0.7007211538461539 0.33533653846153844 0.08173076923076923 0.0889423076923077
0 0.8161057692307693 0.359375 0.0673076923076923 0.07692307692307693
0 0.7548076923076923 0.328125 0.0673076923076923 0.08173076923076923
0 0.19831730769230768 0.203125 0.06490384615384616 0.07211538461538461
