0 0.4495192307692308 0.7367788461538461 0.13221153846153846 0.13942307692307693
0 0.35336538461538464 0.7235576923076923 0.09134615384615384 0.11057692307692307
0 0.84375 0.5685096153846154 0.07692307692307693 0.1201923076923077
0 0.7884615384615384 0.5649038461538461 0.1466346153846154 0.24519230769230768
0 0.24158653846153846 0.6478365384615384 0.052884615384615384 0.10336538461538461
0 0.42908653846153844 0.6057692307692307 0.07692307692307693 0.15625
0 0.7127403846153846 0.5564903846153846 0.10576923076923077 0.20673076923076922
0 0.44591346153846156 0.5889423076923077 0.15865384615384615 0.24278846153846154
0 0.27163461538461536 0.6129807692307693 0.09134615384615384 0.1778846153846154
0 0.6778846153846154 0.9242788461538461 0.08413461538461539 0.10096153846153846
0 0.4326923076923077 0.48677884615384615 0.16346153846153846 0.17548076923076922
0 0.6418269230769231 0.44591346153846156 0.2644230769230769 0.23317307692307693
0 0.5733173076923077 0.3425480769230769 0.23076923076923078 0.3076923076923077
0 0.3581730769230769 0.36778846153846156 0.17307692307692307 0.23317307692307693
0 0.21153846153846154 0.3161057692307692 0.30288461538461536 0.5456730769230769
0 0.421875 0.25240384615384615 0.13221153846153846 0.18269230769230768
0 0.15745192307692307 0.28725961538461536 0.18509615384615385 0.28365384615384615
0 0.7175480769230769 0.18990384615384615 0.19471153846153846 0.18509615384615385
0 0.359375 0.2403846153846154 0.3485576923076923 0.31971153846153844
0 0.7391826923076923 0.7379807692307693 0.0625 0.21153846153846154
