0 0.39903846153846156 0.49759615384615385 0.12259615384615384 0.11538461538461539
0 0.5540865384615384 0.5649038461538461 0.06490384615384616 0.07692307692307693
0 0.07932692307692307 0.32091346153846156 0.06971153846153846 0.055288461538461536
0 0.5240384615384616 0.5336538461538461 0.08173076923076923 0.0889423076923077
0 0.4699519230769231 0.47836538461538464 0.057692307692307696 0.0673076923076923
0 0.4326923076923077 0.4543269230769231 0.057692307692307696 0.06009615384615385
0 0.3125 0.38341346153846156 0.0889423076923077 0.08173076923076923
0 0.734375 0.5805288461538461 0.06971153846153846 0.07451923076923077
0 0.23798076923076922 0.33774038461538464 0.09375 0.11778846153846154
0 0.12379807692307693 0.27403846153846156 0.18990384615384615 0.21875
0 0.7800480769230769 0.5949519230769231 0.057692307692307696 0.052884615384615384
0 0.14302884615384615 0.26802884615384615 0.08653846153846154 0.10096153846153846
0 0.6947115384615384 0.5336538461538461 0.08413461538461539 0.10336538461538461
0 0.5576923076923077 0.4651442307692308 0.11298076923076923 0.1201923076923077
0 0.10817307692307693 0.23918269230769232 0.07211538461538461 0.0985576923076923
0 0.8521634615384616 0.6021634615384616 0.10096153846153846 0.10096153846153846
0 0.8088942307692307 0.5576923076923077 0.09134615384615384 0.11057692307692307
0 0.3629807692307692 0.30408653846153844 0.07451923076923077 0.08413461538461539
0 0.3545673076923077 0.2980769230769231 0.08413461538461539 0.08173076923076923
0 0.7980769230769231 0.5120192307692307 0.07211538461538461 0.07932692307692307
0 0.9495192307692307 0.5709134615384616 0.09615384615384616 0.10336538461538461
0 0.9399038461538461 0.5661057692307693 0.11538461538461539 0.12740384615384615
0 0.7055288461538461 0.4375 0.0673076923076923 0.07692307692307693
0 0.65625 0.40625 0.09375 0.09615384615384616
0 0.43028846153846156 0.29447115384615385 0.08173076923076923 0.08653846153846154
0 0.4987980769230769 0.41466346153846156 0.9975961538461539 0.8293269230769231
0 0.34975961538461536 0.23076923076923078 0.5649038461538461 0.46153846153846156
0 0.8112980769230769 0.4519230769230769 0.09134615384615384 0.08173076923076923
0 0.6358173076923077 0.3581730769230769 0.10817307692307693 0.0985576923076923
0 0.5432692307692307 0.2956730769230769 0.07692307692307693 0.08653846153846154
0 0.36778846153846156 0.20673076923076922 0.10576923076923077 0.10817307692307693
0 0.7644230769230769 0.36778846153846156 0.10336538461538461 0.11538461538461539
0 0.5528846153846154 0.24759615384615385 0.0889423076923077 0.09375
0 0.5528846153846154 0.2403846153846154 0.07932692307692307 0.09615384615384616
0 0.9266826923076923 0.37740384615384615 0.11298076923076923 0.11057692307692307
0 0.4735576923076923 0.14182692307692307 0.07211538461538461 0.07451923076923077
0 0.6334134615384616 0.21634615384615385 0.07211538461538461 0.07932692307692307
0 0.5420673076923077 0.1658653846153846 0.08653846153846154 0.08413461538461539
0 0.796875 0.26322115384615385 0.08173076923076923 0.07211538461538461
0 0.9026442307692307 0.296875 0.1466346153846154 0.13942307692307693
0 0.6923076923076923 0.18509615384615385 0.09615384615384616 0.10817307692307693
