0 0.5192307692307693 0.3713942307692308 0.17548076923076922 0.19230769230769232
0 0.6081730769230769 0.36778846153846156 0.09134615384615384 0.20432692307692307
0 0.7728365384615384 0.3798076923076923 0.11057692307692307 0.1466346153846154
0 0.6646634615384616 0.3076923076923077 0.08413461538461539 0.11538461538461539
0 0.43028846153846156 0.2127403846153846 0.16346153846153846 0.2403846153846154
0 0.30528846153846156 0.20432692307692307 0.13221153846153846 0.14182692307692307
0 0.6430288461538461 0.19471153846153846 0.08653846153846154 0.14423076923076922
0 0.5709134615384616 0.15504807692307693 0.13221153846153846 0.15384615384615385
0 0.7512019230769231 0.1658653846153846 0.17067307692307693 0.18509615384615385
0 0.47836538461538464 0.125 0.0889423076923077 0.10336538461538461
0 0.38341346153846156 0.8413461538461539 0.0985576923076923 0.055288461538461536
0 0.6466346153846154 0.8257211538461539 0.32211538461538464 0.24519230769230768
0 0.36538461538461536 0.7920673076923077 0.2620192307692308 0.19951923076923078
0 0.5456730769230769 0.7608173076923077 0.10336538461538461 0.11538461538461539
0 0.7560096153846154 0.7668269230769231 0.07451923076923077 0.04807692307692308
0 0.4375 0.7415865384615384 0.0673076923076923 0.040865384615384616
0 0.6598557692307693 0.7391826923076923 0.055288461538461536 0.05048076923076923
0 0.3269230769230769 0.6971153846153846 0.0673076923076923 0.07692307692307693
0 0.859375 0.5853365384615384 0.10336538461538461 0.1346153846153846
0 0.7992788461538461 0.5733173076923077 0.07211538461538461 0.125
0 0.7752403846153846 0.4651442307692308 0.07211538461538461 0.09615384615384616
