0 0.2703125 0.365625 0.171875 0.16875
0 0.38125 0.4078125 0.16875 0.084375
0 0.1765625 0.3890625 0.128125 0.121875
0 0.21875 0.3125 0.175 0.175
0 0.509375 0.3796875 0.15625 0.140625
0 0.3015625 0.228125 0.146875 0.19375
0 0.196875 0.1859375 0.125 0.140625
0 0.4234375 0.321875 0.078125 0.1375
0 0.9125 0.3484375 0.175 0.203125
0 0.778125 0.3203125 0.25625 0.259375
0 0.846875 0.1546875 0.225 0.246875
0 0.21875 0.921875 0.1 0.15625
0 0.1515625 0.98125 0.084375 0.0375
0 0.634375 0.7796875 0.09375 0.234375
0 0.60625 0.49375 0.0375 0.0875
0 0.690625 0.65 0.1125 0.1375
0 0.7734375 0.6234375 0.071875 0.140625
0 0.69375 0.5546875 0.10625 0.109375
