0 0.0828125 0.3640625 0.165625 0.228125
0 0.2296875 0.3734375 0.209375 0.203125
0 0.396875 0.3609375 0.08125 0.209375
0 0.5703125 0.36875 0.090625 0.0625
0 0.5140625 0.3015625 0.153125 0.190625
0 0.640625 0.3 0.14375 0.1
0 0.40625 0.8734375 0.0625 0.190625
0 0.3328125 0.8921875 0.128125 0.159375
0 0.2765625 0.690625 0.084375 0.09375
0 0.3671875 0.6921875 0.053125 0.065625
0 0.43125 0.73125 0.0125 0.075
0 0.59375 0.9390625 0.3125 0.121875
0 0.6984375 0.8515625 0.221875 0.296875
0 0.8765625 0.89375 0.184375 0.2125
0 0.921875 0.671875 0.15625 0.06875
