0 0.4234375 0.159375 0.228125 0.23125
0 0.096875 0.140625 0.19375 0.175
0 0.2578125 0.153125 0.115625 0.1375
0 0.9046875 0.29375 0.190625 0.2125
0 0.89375 0.065625 0.2125 0.13125
0 0.978125 0.128125 0.04375 0.25625
0 0.65 0.2765625 0.225 0.246875
0 0.5734375 0.0546875 0.071875 0.109375
0 0.7390625 0.08125 0.153125 0.15625
0 0.2484375 0.80625 0.496875 0.3125
0 0.0984375 0.6703125 0.196875 0.278125
0 0.1953125 0.4390625 0.265625 0.078125
0 0.3421875 0.684375 0.390625 0.2125
0 0.4671875 0.6078125 0.140625 0.184375
0 0.8421875 0.7671875 0.315625 0.296875
