0 0.1265625 0.275 0.153125 0.15625
0 0.0421875 0.2875 0.084375 0.25625
0 0.3078125 0.3171875 0.165625 0.209375
0 0.434375 0.384375 0.13125 0.16875
0 0.81875 0.3671875 0.26875 0.203125
0 0.73125 0.2046875 0.19375 0.278125
0 0.6640625 0.3296875 0.171875 0.278125
0 0.6421875 0.1265625 0.128125 0.209375
0 0.3875 0.9234375 0.2 0.153125
0 0.246875 0.95 0.15 0.1
0 0.1171875 0.934375 0.128125 0.13125
0 0.053125 0.93125 0.10625 0.1375
0 0.3296875 0.63125 0.165625 0.15
0 0.7890625 0.9109375 0.421875 0.178125
