0 0.0734375 0.3359375 0.115625 0.109375
0 0.1125 0.403125 0.125 0.13125
0 0.3875 0.4265625 0.1125 0.084375
0 0.2390625 0.45 0.096875 0.0375
0 0.946875 0.2203125 0.10625 0.109375
0 0.96875 0.2734375 0.0625 0.115625
0 0.5421875 0.6296875 0.271875 0.321875
0 0.1859375 0.64375 0.278125 0.25
0 0.0609375 0.83125 0.121875 0.3125
0 0.1703125 0.8640625 0.215625 0.271875
0 0.3109375 0.8703125 0.215625 0.259375
0 0.6234375 0.89375 0.109375 0.2125
0 0.5046875 0.91875 0.265625 0.1625
0 0.3265625 0.725 0.171875 0.26875
0 0.8328125 0.725 0.309375 0.5125
0 0.9265625 0.6203125 0.146875 0.303125
