0 0.5640625 0.0609375 0.109375 0.121875
0 0.553125 0.2359375 0.13125 0.190625
0 0.2734375 0.28125 0.121875 0.19375
0 0.078125 0.4 0.15625 0.275
0 0.43125 0.4734375 0.16875 0.128125
0 0.8953125 0.353125 0.209375 0.24375
0 0.9484375 0.1796875 0.103125 0.203125
0 0.4078125 0.878125 0.421875 0.24375
0 0.4828125 0.771875 0.271875 0.45625
0 0.16875 0.91875 0.325 0.1625
0 0.2453125 0.746875 0.303125 0.375
0 0.0953125 0.7 0.190625 0.3
0 0.9625 0.5890625 0.075 0.103125
0 0.9046875 0.559375 0.153125 0.04375
