0 0.3484375 0.4453125 0.190625 0.228125
0 0.03125 0.3015625 0.0625 0.221875
0 0.09375 0.3796875 0.175 0.215625
0 0.15625 0.484375 0.20625 0.15
0 0.4828125 0.4234375 0.153125 0.196875
0 0.2390625 0.146875 0.146875 0.15
0 0.1 0.1609375 0.175 0.240625
0 0.4203125 0.1875 0.178125 0.21875
0 0.5234375 0.290625 0.071875 0.2375
0 0.734375 0.51875 0.24375 0.08125
0 0.9234375 0.5078125 0.153125 0.103125
0 0.603125 0.4484375 0.0875 0.221875
0 0.7421875 0.459375 0.271875 0.2
0 0.2421875 0.89375 0.221875 0.2125
0 0.1328125 0.73125 0.253125 0.34375
0 0.2734375 0.675 0.140625 0.18125
0 0.08125 0.9640625 0.15625 0.071875
0 0.0140625 0.859375 0.028125 0.2375
0 0.3390625 0.8796875 0.165625 0.240625
