0 0.3765625 0.4625 0.121875 0.2125
0 0.0359375 0.225 0.071875 0.1
0 0.075 0.5078125 0.15 0.121875
0 0.8640625 0.3828125 0.259375 0.240625
0 0.6546875 0.353125 0.228125 0.23125
0 0.8140625 0.21875 0.253125 0.2
0 0.6421875 0.2171875 0.184375 0.146875
0 0.74375 0.0984375 0.19375 0.171875
0 0.6078125 0.0515625 0.165625 0.103125
0 0.5375 0.1171875 0.1625 0.196875
0 0.48125 0.078125 0.0625 0.15625
0 0.2640625 0.946875 0.246875 0.10625
0 0.2609375 0.8515625 0.203125 0.228125
0 0.0921875 0.84375 0.184375 0.26875
0 0.2140625 0.66875 0.265625 0.2
0 0.39375 0.61875 0.1125 0.1
0 0.08125 0.9390625 0.1625 0.121875
0 0.05625 0.646875 0.1125 0.15625
0 0.534375 0.8171875 0.16875 0.253125
0 0.7109375 0.9328125 0.346875 0.134375
