0 0.1734375 0.446875 0.165625 0.1625
0 0.2484375 0.4015625 0.121875 0.234375
0 0.0953125 0.4765625 0.084375 0.103125
0 0.6078125 0.128125 0.121875 0.1875
0 0.35625 0.1453125 0.09375 0.140625
0 0.4109375 0.103125 0.090625 0.14375
0 0.8 0.421875 0.26875 0.2125
0 0.8828125 0.2515625 0.234375 0.315625
0 0.7171875 0.3296875 0.128125 0.259375
0 0.240625 0.9 0.1375 0.2
0 0.1234375 0.903125 0.184375 0.19375
0 0.384375 0.6546875 0.10625 0.115625
0 0.68125 0.8984375 0.075 0.084375
0 0.765625 0.8765625 0.06875 0.109375
0 0.678125 0.7109375 0.0875 0.109375
0 0.41875 0.73125 0.06875 0.075
0 0.409375 0.803125 0.05625 0.06875
0 0.8625 0.8453125 0.05625 0.059375
0 0.8046875 0.8609375 0.065625 0.078125
0 0.734375 0.7859375 0.0625 0.084375
