0 0.1921875 0.309375 0.253125 0.3
0 0.9140625 0.390625 0.171875 0.1375
0 0.759375 0.384375 0.225 0.15
0 0.9015625 0.290625 0.196875 0.175
0 0.7484375 0.2890625 0.184375 0.146875
0 0.85 0.1703125 0.19375 0.171875
0 0.7140625 0.090625 0.165625 0.16875
0 0.64375 0.1890625 0.1625 0.196875
0 0.5421875 0.140625 0.153125 0.175
0 0.025 0.4828125 0.05 0.046875
0 0.6953125 0.5171875 0.034375 0.028125
0 0.6640625 0.5171875 0.034375 0.021875
0 0.6796875 0.5046875 0.028125 0.015625
0 0.6453125 0.515625 0.028125 0.025
