0 0.171875 0.3546875 0.19375 0.159375
0 0.221875 0.48125 0.20625 0.14375
0 0.3984375 0.484375 0.184375 0.1875
0 0.11875 0.5140625 0.2375 0.128125
0 0.3234375 0.2046875 0.171875 0.115625
0 0.1375 0.2875 0.1875 0.1375
0 0.0625 0.240625 0.10625 0.08125
0 0.33125 0.35 0.15 0.1125
0 0.39375 0.4484375 0.25 0.178125
0 0.5609375 0.4578125 0.084375 0.240625
0 0.6640625 0.5171875 0.128125 0.121875
0 0.7890625 0.5546875 0.146875 0.046875
0 0.8109375 0.5046875 0.096875 0.146875
0 0.9234375 0.5171875 0.084375 0.121875
0 0.7890625 0.2421875 0.078125 0.109375
0 0.9390625 0.26875 0.084375 0.14375
0 0.959375 0.2265625 0.075 0.109375
0 0.009375 0.6015625 0.01875 0.046875
0 0.5828125 0.7390625 0.128125 0.165625
0 0.7125 0.6984375 0.18125 0.153125
