0 0.309375 0.2640625 0.15625 0.528125
0 0.5359375 0.196875 0.296875 0.39375
0 0.8546875 0.9390625 0.278125 0.121875
0 0.6890625 0.9734375 0.121875 0.053125
0 0.79375 0.7515625 0.1875 0.109375
0 0.5453125 0.9390625 0.121875 0.121875
0 0.4546875 0.9359375 0.109375 0.128125
0 0.403125 0.8296875 0.03125 0.134375
0 0.40625 0.946875 0.0375 0.1
0 0.4921875 0.83125 0.128125 0.1125
0 0.5046875 0.7203125 0.115625 0.121875
0 0.6171875 0.803125 0.121875 0.125
0 0.74375 0.659375 0.13125 0.18125
0 0.6359375 0.6875 0.090625 0.125
