0 0.0546875 0.3265625 0.109375 0.303125
0 0.2046875 0.290625 0.371875 0.375
0 0.4125 0.409375 0.25 0.1375
0 0.4421875 0.309375 0.190625 0.3375
0 0.6796875 0.1140625 0.140625 0.121875
0 0.7640625 0.04375 0.146875 0.06875
0 0.609375 0.1078125 0.08125 0.084375
0 0.2453125 0.8484375 0.203125 0.253125
0 0.3984375 0.7484375 0.278125 0.228125
0 0.4515625 0.65625 0.171875 0.1625
0 0.85 0.540625 0.225 0.125
0 0.6046875 0.678125 0.134375 0.375
0 0.6265625 0.8640625 0.178125 0.271875
0 0.7765625 0.8734375 0.215625 0.253125
0 0.9078125 0.7921875 0.184375 0.415625
0 0.71875 0.5765625 0.18125 0.196875
