0 0.215625 0.4234375 0.125 0.128125
0 0.08125 0.4109375 0.1375 0.153125
0 0.2171875 0.246875 0.153125 0.09375
0 0.3296875 0.1046875 0.078125 0.084375
0 0.4296875 0.2234375 0.103125 0.109375
0 0.2203125 0.3265625 0.121875 0.109375
0 0.86875 0.3421875 0.2625 0.171875
0 0.659375 0.3125 0.175 0.175
0 0.6328125 0.16875 0.146875 0.14375
0 0.953125 0.2109375 0.09375 0.096875
0 0.05 0.9109375 0.1 0.178125
0 0.4984375 0.96875 0.121875 0.0625
0 0.16875 0.88125 0.14375 0.125
0 0.2984375 0.9359375 0.134375 0.115625
0 0.4171875 0.9265625 0.109375 0.140625
0 0.3171875 0.7421875 0.103125 0.103125
0 0.7328125 0.8953125 0.321875 0.209375
0 0.95 0.9203125 0.1 0.159375
