0 0.1296875 0.3765625 0.253125 0.184375
0 0.1140625 0.2359375 0.221875 0.178125
0 0.271875 0.25 0.14375 0.23125
0 0.2984375 0.3578125 0.121875 0.221875
0 0.1203125 0.078125 0.121875 0.15625
0 0.040625 0.0578125 0.08125 0.115625
0 0.0265625 0.2109375 0.053125 0.253125
0 0.3390625 0.1953125 0.040625 0.159375
0 0.26875 0.084375 0.18125 0.1375
0 0.30625 0.0375 0.10625 0.075
0 0.1453125 0.9546875 0.290625 0.090625
0 0.315625 0.9140625 0.0875 0.171875
0 0.409375 0.7875 0.1 0.19375
0 0.9 0.89375 0.2 0.2125
0 0.975 0.865625 0.05 0.2375
0 0.9015625 0.709375 0.196875 0.2
0 0.7578125 0.8875 0.165625 0.2
0 0.5203125 0.7328125 0.215625 0.228125
0 0.615625 0.8515625 0.225 0.296875
0 0.4546875 0.6296875 0.159375 0.096875
0 0.7671875 0.7046875 0.196875 0.221875
