0 0.4125 0.2015625 0.1 0.171875
0 0.2609375 0.0546875 0.146875 0.109375
0 0.2984375 0.1390625 0.128125 0.121875
0 0.2671875 0.409375 0.328125 0.1
0 0.5828125 0.2984375 0.228125 0.321875
0 0.78125 0.403125 0.25 0.1125
0 0.715625 0.084375 0.3375 0.16875
0 0.8234375 0.26875 0.278125 0.29375
0 0.56875 0.10625 0.2 0.18125
0 0.1609375 0.8828125 0.115625 0.171875
0 0.0703125 0.8375 0.109375 0.1625
0 0.6765625 0.5390625 0.415625 0.159375
0 0.621875 0.8625 0.30625 0.275
0 0.5390625 0.6421875 0.140625 0.315625
0 0.690625 0.6140625 0.44375 0.234375
0 0.7921875 0.84375 0.415625 0.3125
