0 0.503125 0.2015625 0.36875 0.196875
0 0.2578125 0.203125 0.371875 0.19375
0 0.1375 0.15 0.275 0.3
0 0.4859375 0.15 0.403125 0.3
0 0.7734375 0.2359375 0.146875 0.128125
0 0.88125 0.2265625 0.125 0.146875
0 0.95625 0.1609375 0.0875 0.278125
0 0.3859375 0.9421875 0.190625 0.115625
0 0.665625 0.9328125 0.04375 0.134375
0 0.096875 0.7828125 0.125 0.140625
0 0.21875 0.8453125 0.13125 0.165625
0 0.29375 0.903125 0.11875 0.19375
0 0.8765625 0.7859375 0.246875 0.290625
0 0.84375 0.6515625 0.3125 0.278125
0 0.84375 0.3671875 0.29375 0.134375
0 0.709375 0.5359375 0.04375 0.296875
0 0.7390625 0.76875 0.103125 0.2375
