0 0.2265625 0.51875 0.284375 0.08125
0 0.071875 0.4265625 0.14375 0.265625
0 0.215625 0.434375 0.225 0.23125
0 0.16875 0.2171875 0.275 0.353125
0 0.3625 0.3484375 0.16875 0.246875
0 0.3671875 0.496875 0.190625 0.125
0 0.446875 0.4953125 0.125 0.128125
0 0.45 0.365625 0.11875 0.25
0 0.3859375 0.140625 0.246875 0.28125
0 0.1765625 0.071875 0.234375 0.14375
0 0.0328125 0.2421875 0.065625 0.184375
0 0.884375 0.190625 0.23125 0.38125
0 0.6890625 0.253125 0.340625 0.46875
0 0.753125 0.03125 0.1875 0.0625
0 0.0890625 0.775 0.084375 0.1125
0 0.33125 0.7921875 0.1125 0.165625
0 0.271875 0.9484375 0.09375 0.103125
0 0.3484375 0.9765625 0.065625 0.046875
0 0.4875 0.8265625 0.04375 0.146875
0 0.0640625 0.9140625 0.128125 0.171875
0 0.1484375 0.803125 0.084375 0.10625
0 0.8359375 0.9828125 0.153125 0.034375
0 0.953125 0.8625 0.09375 0.2
0 0.9484375 0.9703125 0.084375 0.059375
