0 0.35 0.41875 0.1375 0.2375
0 0.5296875 0.4109375 0.096875 0.228125
0 0.4984375 0.209375 0.159375 0.26875
0 0.23125 0.4 0.13125 0.225
0 0.1015625 0.2734375 0.096875 0.153125
0 0.165625 0.41875 0.1 0.20625
0 0.18125 0.2171875 0.0875 0.134375
0 0.096875 0.4203125 0.08125 0.178125
0 0.0421875 0.421875 0.084375 0.18125
0 0.5484375 0.8671875 0.059375 0.121875
0 0.2015625 0.9359375 0.096875 0.128125
0 0.3140625 0.940625 0.140625 0.11875
0 0.3265625 0.8375 0.128125 0.13125
0 0.4390625 0.91875 0.128125 0.13125
0 0.5390625 0.775 0.078125 0.18125
0 0.4578125 0.803125 0.090625 0.125
0 0.8 0.7890625 0.4 0.421875
