0 0.0484375 0.0375 0.096875 0.075
0 0.065625 0.134375 0.125 0.18125
0 0.13125 0.2828125 0.15625 0.134375
0 0.021875 0.275 0.04375 0.15
0 0.0171875 0.1109375 0.034375 0.159375
0 0.6203125 0.240625 0.065625 0.21875
0 0.659375 0.090625 0.14375 0.18125
0 0.7296875 0.228125 0.171875 0.24375
0 0.8578125 0.2375 0.153125 0.225
0 0.959375 0.246875 0.08125 0.20625
0 0.965625 0.0828125 0.06875 0.165625
0 0.8796875 0.096875 0.128125 0.1625
0 0.7765625 0.065625 0.134375 0.13125
0 0.0671875 0.9515625 0.134375 0.096875
0 0.1328125 0.878125 0.196875 0.24375
0 0.196875 0.8453125 0.19375 0.278125
0 0.2640625 0.76875 0.096875 0.125
0 0.2984375 0.675 0.090625 0.1375
0 0.9421875 0.684375 0.115625 0.1125
