0 0.1296875 0.4453125 0.259375 0.228125
0 0.6125 0.4703125 0.1125 0.178125
0 0.3921875 0.4796875 0.209375 0.159375
0 0.034375 0.421875 0.06875 0.275
0 0.165625 0.2921875 0.2125 0.284375
0 0.35 0.3421875 0.21875 0.303125
0 0.584375 0.325 0.16875 0.2875
0 0.51875 0.4390625 0.19375 0.240625
0 0.4765625 0.25 0.209375 0.19375
0 0.06875 0.2484375 0.1375 0.246875
0 0.146875 0.78125 0.175 0.1875
0 0.9453125 0.815625 0.109375 0.1875
0 0.8859375 0.725 0.190625 0.21875
0 0.746875 0.9609375 0.125 0.078125
0 0.6953125 0.890625 0.053125 0.21875
