0 0.0203125 0.1265625 0.040625 0.253125
0 0.096875 0.1375 0.15 0.275
0 0.2859375 0.025 0.190625 0.05
0 0.225 0.1234375 0.15625 0.246875
0 0.365625 0.14375 0.2 0.25625
0 0.6890625 0.0671875 0.359375 0.134375
0 0.75625 0.275 0.23125 0.30625
0 0.9140625 0.2609375 0.171875 0.334375
0 0.6109375 0.296875 0.203125 0.2625
0 0.028125 0.4578125 0.05625 0.059375
0 0.0796875 0.4515625 0.096875 0.046875
0 0.6390625 0.8484375 0.234375 0.303125
0 0.5640625 0.61875 0.109375 0.14375
0 0.90625 0.7953125 0.1875 0.409375
