0 0.303125 0.828125 0.25 0.2875
0 0.7234375 0.7875 0.209375 0.275
0 0.590625 0.590625 0.23125 0.2375
0 0.3515625 0.615625 0.259375 0.20625
0 0.3421875 0.2984375 0.115625 0.165625
0 0.3359375 0.459375 0.196875 0.18125
0 0.5046875 0.4703125 0.146875 0.240625
0 0.1359375 0.5296875 0.165625 0.259375
0 0.7734375 0.64375 0.234375 0.24375
0 0.5453125 0.2078125 0.140625 0.165625
0 0.3 0.1578125 0.1375 0.128125
0 0.1 0.2765625 0.16875 0.165625
0 0.084375 0.7390625 0.16875 0.196875
0 0.815625 0.3546875 0.13125 0.146875
0 0.9296875 0.609375 0.134375 0.24375
0 0.6890625 0.3578125 0.146875 0.178125
