0 0.0328125 0.3875 0.065625 0.24375
0 0.2578125 0.2625 0.259375 0.35625
0 0.2125 0.40625 0.24375 0.20625
0 0.471875 0.275 0.03125 0.2375
0 0.421875 0.4421875 0.13125 0.134375
0 0.6703125 0.45625 0.265625 0.10625
0 0.8578125 0.3609375 0.284375 0.296875
0 0.13125 0.8546875 0.2625 0.290625
0 0.3578125 0.8453125 0.259375 0.309375
0 0.2578125 0.6546875 0.309375 0.290625
0 0.440625 0.7671875 0.09375 0.465625
0 0.5203125 0.8890625 0.065625 0.221875
0 0.5328125 0.73125 0.090625 0.1625
0 0.621875 0.69375 0.09375 0.175
