0 0.3890625 0.225 0.228125 0.3
0 0.2203125 0.2421875 0.196875 0.240625
0 0.1640625 0.025 0.278125 0.05
0 0.1140625 0.1140625 0.221875 0.221875
0 0.5984375 0.134375 0.078125 0.1625
0 0.6046875 0.365625 0.065625 0.1375
0 0.9625 0.3421875 0.075 0.159375
0 0.809375 0.171875 0.1625 0.13125
0 0.828125 0.3671875 0.1375 0.121875
0 0.265625 0.715625 0.48125 0.53125
0 0.9296875 0.95 0.128125 0.1
0 0.8171875 0.90625 0.128125 0.1875
0 0.7171875 0.9328125 0.096875 0.134375
0 0.840625 0.7421875 0.11875 0.178125
0 0.75 0.696875 0.1125 0.1625
