0 0.084375 0.1921875 0.16875 0.384375
0 0.1265625 0.503125 0.234375 0.2625
0 0.2375 0.4078125 0.1625 0.346875
0 0.584375 0.58125 0.16875 0.23125
0 0.728125 0.5109375 0.15625 0.190625
0 0.853125 0.4328125 0.19375 0.209375
0 0.49375 0.5203125 0.14375 0.146875
0 0.39375 0.365625 0.14375 0.15625
0 0.55 0.3421875 0.175 0.134375
0 0.73125 0.3296875 0.10625 0.146875
0 0.6296875 0.2109375 0.103125 0.109375
0 0.721875 0.196875 0.075 0.125
0 0.5046875 0.2046875 0.146875 0.159375
0 0.41875 0.178125 0.10625 0.2
0 0.8140625 0.3140625 0.103125 0.109375
0 0.5984375 0.94375 0.171875 0.1125
0 0.425 0.753125 0.2125 0.10625
0 0.375 0.9015625 0.1125 0.196875
0 0.7671875 0.93125 0.184375 0.1375
