0 0.859375 0.1296875 0.28125 0.165625
0 0.6953125 0.1828125 0.134375 0.134375
0 0.5515625 0.1328125 0.121875 0.159375
0 0.4609375 0.1265625 0.115625 0.165625
0 0.384375 0.0359375 0.08125 0.071875
0 0.38125 0.121875 0.1 0.1
0 0.4984375 0.03125 0.128125 0.0625
0 0.6234375 0.0203125 0.121875 0.040625
0 0.5609375 0.6875 0.140625 0.25625
0 0.6921875 0.8171875 0.165625 0.290625
0 0.853125 0.45625 0.1 0.13125
0 0.8484375 0.36875 0.121875 0.0625
0 0.6734375 0.4765625 0.121875 0.103125
0 0.6296875 0.54375 0.078125 0.11875
