0 0.2015625 0.40625 0.184375 0.20625
0 0.44375 0.3984375 0.16875 0.221875
0 0.303125 0.384375 0.1625 0.2125
0 0.8359375 0.4640625 0.209375 0.259375
0 0.6859375 0.5265625 0.215625 0.165625
0 0.9453125 0.4671875 0.109375 0.253125
0 0.9203125 0.25 0.159375 0.3375
0 0.9359375 0.084375 0.128125 0.16875
0 0.7890625 0.2765625 0.146875 0.178125
0 0.04375 0.8953125 0.0875 0.209375
0 0.165625 0.85625 0.23125 0.2875
0 0.3328125 0.678125 0.065625 0.075
0 0.2921875 0.6390625 0.065625 0.059375
0 0.9203125 0.7734375 0.153125 0.109375
