0 0.11875 0.1296875 0.2375 0.259375
0 0.4984375 0.2703125 0.240625 0.409375
0 0.690625 0.2890625 0.2875 0.390625
0 0.7375 0.075 0.2125 0.15
0 0.903125 0.08125 0.19375 0.1625
0 0.940625 0.284375 0.11875 0.3375
0 0.584375 0.084375 0.2125 0.16875
0 0.7453125 0.9375 0.115625 0.125
0 0.84375 0.9421875 0.11875 0.115625
0 0.796875 0.734375 0.13125 0.14375
0 0.9859375 0.66875 0.028125 0.19375
0 0.6078125 0.9125 0.084375 0.1
0 0.9578125 0.96875 0.084375 0.0625
0 0.65625 0.8375 0.1 0.1375
0 0.921875 0.6828125 0.09375 0.109375
