0 0.0984375 0.0703125 0.146875 0.140625
0 0.0625 0.2375 0.125 0.29375
0 0.371875 0.3203125 0.2625 0.134375
0 0.325 0.2109375 0.20625 0.209375
0 0.5125 0.2703125 0.21875 0.234375
0 0.6140625 0.1375 0.046875 0.16875
0 0.4046875 0.046875 0.146875 0.09375
0 0.540625 0.121875 0.19375 0.18125
0 0.225 0.0796875 0.1375 0.159375
0 0.2 0.2734375 0.2375 0.228125
0 0.0359375 0.9203125 0.071875 0.153125
0 0.05625 0.8328125 0.1125 0.134375
0 0.2609375 0.83125 0.134375 0.11875
0 0.2140625 0.91875 0.159375 0.1625
0 0.334375 0.9671875 0.14375 0.065625
0 0.3453125 0.884375 0.134375 0.175
0 0.4234375 0.84375 0.103125 0.15625
