0 0.1515625 0.4875 0.265625 0.125
0 0.125 0.3015625 0.15 0.209375
0 0.29375 0.4828125 0.1375 0.134375
0 0.2453125 0.2671875 0.159375 0.159375
0 0.365625 0.2265625 0.0875 0.159375
0 0.30625 0.4203125 0.20625 0.209375
0 0.4703125 0.0953125 0.121875 0.190625
0 0.6453125 0.425 0.190625 0.25
0 0.5484375 0.0453125 0.109375 0.090625
0 0.728125 0.0453125 0.125 0.090625
0 0.7921875 0.0859375 0.146875 0.171875
0 0.7796875 0.35 0.134375 0.1875
0 0.49375 0.321875 0.0875 0.175
0 0.9640625 0.3421875 0.071875 0.228125
0 0.6 0.31875 0.13125 0.20625
0 0.5765625 0.1765625 0.109375 0.171875
0 0.6765625 0.165625 0.121875 0.175
0 0.7703125 0.196875 0.140625 0.20625
0 0.0109375 0.5765625 0.021875 0.053125
0 0.034375 0.5765625 0.0375 0.046875
0 0.8015625 0.8328125 0.265625 0.271875
0 0.9609375 0.8140625 0.078125 0.240625
0 0.54375 0.83125 0.26875 0.21875
0 0.6140625 0.696875 0.209375 0.26875
0 0.8078125 0.7140625 0.271875 0.246875
