0 0.2046875 0.221875 0.140625 0.175
0 0.384375 0.91875 0.15 0.1625
0 0.0359375 0.5890625 0.071875 0.146875
0 0.15625 0.6953125 0.18125 0.184375
0 0.346875 0.63125 0.1875 0.15625
0 0.265625 0.84375 0.175 0.26875
0 0.134375 0.8890625 0.21875 0.221875
0 0.3890625 0.7609375 0.140625 0.190625
0 0.203125 0.590625 0.15625 0.11875
0 0.29375 0.546875 0.1125 0.10625
0 0.4015625 0.5734375 0.115625 0.153125
0 0.8890625 0.8890625 0.153125 0.215625
0 0.9796875 0.9234375 0.040625 0.103125
0 0.984375 0.7828125 0.03125 0.184375
0 0.9484375 0.56875 0.090625 0.1375
