0 0.2203125 0.3796875 0.328125 0.140625
0 0.315625 0.284375 0.35 0.33125
0 0.4609375 0.2890625 0.078125 0.228125
0 0.559375 0.3234375 0.11875 0.253125
0 0.7015625 0.3421875 0.209375 0.215625
0 0.9265625 0.3359375 0.146875 0.228125
0 0.871875 0.403125 0.21875 0.09375
0 0.8296875 0.29375 0.196875 0.18125
0 0.309375 0.9265625 0.23125 0.146875
0 0.08125 0.6671875 0.1625 0.190625
0 0.453125 0.9359375 0.09375 0.128125
0 0.0625 0.9328125 0.125 0.134375
0 0.1015625 0.86875 0.203125 0.21875
0 0.3328125 0.5609375 0.184375 0.203125
0 0.884375 0.79375 0.15625 0.125
0 0.88125 0.690625 0.10625 0.13125
0 0.734375 0.7546875 0.1375 0.128125
0 0.559375 0.7328125 0.11875 0.165625
0 0.5828125 0.6453125 0.109375 0.128125
0 0.9578125 0.6953125 0.084375 0.134375
0 0.9046875 0.5609375 0.103125 0.134375
0 0.6578125 0.6640625 0.109375 0.134375
0 0.740625 0.6328125 0.13125 0.121875
0 0.9734375 0.6 0.053125 0.125
