0 0.0859375 0.31875 0.171875 0.2625
0 0.2265625 0.278125 0.209375 0.34375
0 0.91875 0.234375 0.15625 0.19375
0 0.8328125 0.165625 0.096875 0.175
0 0.9515625 0.1328125 0.096875 0.196875
0 0.784375 0.3921875 0.13125 0.115625
0 0.8859375 0.4125 0.103125 0.075
0 0.803125 0.296875 0.125 0.16875
0 0.74375 0.296875 0.05 0.1625
0 0.2265625 0.9328125 0.384375 0.134375
0 0.3984375 0.8453125 0.446875 0.309375
0 0.9265625 0.8890625 0.146875 0.221875
0 0.7765625 0.859375 0.115625 0.28125
0 0.7984375 0.503125 0.159375 0.10625
0 0.896875 0.5890625 0.20625 0.228125
