0 0.603125 0.4078125 0.16875 0.221875
0 0.390625 0.4421875 0.1875 0.153125
0 0.5078125 0.2859375 0.178125 0.190625
0 0.5171875 0.1328125 0.159375 0.171875
0 0.3640625 0.0921875 0.165625 0.103125
0 0.4546875 0.0265625 0.115625 0.053125
0 0.6390625 0.0328125 0.096875 0.065625
0 0.2828125 0.328125 0.103125 0.13125
0 0.5234375 0.4796875 0.190625 0.078125
0 0.275 0.0203125 0.0875 0.040625
0 0.3171875 0.046875 0.084375 0.0875
0 0.3984375 0.178125 0.153125 0.15
0 0.7625 0.3734375 0.1375 0.178125
0 0.79375 0.465625 0.2125 0.10625
0 0.709375 0.2609375 0.04375 0.153125
0 0.725 0.2 0.05625 0.10625
0 0.696875 0.1734375 0.01875 0.065625
0 0.8609375 0.371875 0.103125 0.15625
0 0.3421875 0.759375 0.684375 0.48125
