0 0.1296875 0.1640625 0.259375 0.328125
0 0.19375 0.33125 0.23125 0.29375
0 0.365625 0.3421875 0.20625 0.271875
0 0.465625 0.2640625 0.06875 0.428125
0 0.0234375 0.24375 0.046875 0.3625
0 0.30625 0.0703125 0.2 0.140625
0 0.8484375 0.3515625 0.303125 0.253125
0 0.965625 0.28125 0.06875 0.33125
0 0.6359375 0.3015625 0.096875 0.103125
0 0.6890625 0.2796875 0.146875 0.165625
0 0.8046875 0.2109375 0.115625 0.153125
0 0.0453125 0.7046875 0.090625 0.221875
0 0.9203125 0.9671875 0.146875 0.065625
0 0.8078125 0.925 0.134375 0.15
0 0.70625 0.95 0.10625 0.1
0 0.83125 0.78125 0.11875 0.175
0 0.740625 0.734375 0.1 0.15625
