0 0.46875 0.234375 0.13125 0.11875
0 0.471875 0.36875 0.175 0.1
0 0.1671875 0.3875 0.121875 0.0625
0 0.8109375 0.115625 0.140625 0.19375
0 0.65625 0.278125 0.19375 0.28125
0 0.9234375 0.28125 0.134375 0.25625
0 0.825 0.3703125 0.15625 0.096875
0 0.0796875 0.628125 0.153125 0.21875
0 0.05625 0.4921875 0.1125 0.115625
0 0.1203125 0.79375 0.128125 0.18125
0 0.1859375 0.9359375 0.171875 0.128125
0 0.0515625 0.9296875 0.103125 0.140625
0 0.0453125 0.771875 0.090625 0.1625
0 0.0171875 0.6734375 0.034375 0.121875
0 0.9859375 0.75 0.028125 0.1625
