0 0.053125 0.246875 0.10625 0.15625
0 0.1890625 0.246875 0.084375 0.0875
0 0.125 0.25625 0.08125 0.08125
0 0.04375 0.34375 0.08125 0.03125
0 0.2921875 0.184375 0.059375 0.075
0 0.8203125 0.065625 0.359375 0.13125
0 0.25 0.6796875 0.5 0.640625
0 0.5171875 0.440625 0.034375 0.1625
0 0.65625 0.7671875 0.20625 0.271875
0 0.55625 0.3921875 0.1125 0.065625
0 0.7390625 0.390625 0.121875 0.0625
0 0.8015625 0.4328125 0.153125 0.146875
0 0.7890625 0.6859375 0.140625 0.190625
0 0.5234375 0.65625 0.046875 0.175
0 0.96875 0.6765625 0.0625 0.228125
0 0.609375 0.653125 0.13125 0.20625
0 0.5859375 0.5109375 0.109375 0.171875
0 0.6859375 0.5 0.121875 0.175
0 0.7796875 0.53125 0.140625 0.20625
