0 0.428125 0.2890625 0.0625 0.159375
0 0.3296875 0.2625 0.165625 0.09375
0 0.4125 0.165625 0.09375 0.10625
0 0.2953125 0.08125 0.065625 0.09375
0 0.3515625 0.0765625 0.046875 0.078125
0 0.3796875 0.1015625 0.071875 0.084375
0 0.4359375 0.1015625 0.046875 0.096875
0 0.24375 0.1671875 0.0875 0.090625
0 0.2828125 0.215625 0.084375 0.0875
0 0.3609375 0.321875 0.146875 0.09375
0 0.540625 0.2796875 0.125 0.171875
0 0.9484375 0.13125 0.103125 0.18125
0 0.81875 0.0765625 0.175 0.153125
0 0.953125 0.278125 0.09375 0.18125
0 0.8921875 0.3140625 0.115625 0.109375
0 0.665625 0.03125 0.15 0.0625
0 0.7375 0.2375 0.13125 0.10625
0 0.4875 0.1390625 0.05625 0.109375
0 0.5625 0.115625 0.09375 0.15625
0 0.378125 0.8609375 0.1625 0.140625
0 0.7890625 0.940625 0.371875 0.11875
0 0.928125 0.8640625 0.14375 0.271875
