0 0.065625 0.2828125 0.13125 0.165625
0 0.7765625 0.25625 0.209375 0.19375
0 0.971875 0.3078125 0.05625 0.228125
0 0.9109375 0.3703125 0.153125 0.159375
0 0.5671875 0.40625 0.165625 0.0875
0 0.6375 0.2171875 0.1875 0.203125
0 0.509375 0.2875 0.125 0.1625
0 0.66875 0.10625 0.11875 0.1375
0 0.15 0.85 0.3 0.3
0 0.271875 0.571875 0.19375 0.18125
0 0.015625 0.5703125 0.03125 0.065625
0 0.48125 0.6171875 0.2 0.171875
0 0.53125 0.74375 0.20625 0.14375
0 0.709375 0.765625 0.1625 0.20625
0 0.4546875 0.815625 0.171875 0.18125
0 0.6328125 0.4859375 0.171875 0.071875
0 0.453125 0.5484375 0.16875 0.128125
0 0.3953125 0.503125 0.053125 0.08125
0 0.640625 0.6125 0.1375 0.09375
0 0.721875 0.7125 0.26875 0.14375
0 0.646875 0.903125 0.2375 0.125
