0 0.059375 0.4671875 0.11875 0.403125
0 0.1953125 0.478125 0.303125 0.38125
0 0.55 0.2046875 0.05625 0.359375
0 0.2453125 0.19375 0.203125 0.3125
0 0.425 0.221875 0.24375 0.3
0 0.4796875 0.4828125 0.196875 0.340625
0 0.1109375 0.1890625 0.221875 0.378125
0 0.9328125 0.396875 0.134375 0.54375
0 0.36875 0.95625 0.0875 0.0875
0 0.509375 0.9515625 0.11875 0.096875
0 0.453125 0.9765625 0.08125 0.046875
0 0.8234375 0.8890625 0.246875 0.221875
0 0.96875 0.8390625 0.0625 0.321875
0 0.6671875 0.878125 0.178125 0.24375
0 0.85625 0.7515625 0.2375 0.165625
0 0.8625 0.6921875 0.1875 0.046875
0 0.66875 0.8015625 0.18125 0.265625
