0 0.3015625 0.1296875 0.403125 0.259375
0 0.46875 0.096875 0.18125 0.19375
0 0.9 0.2953125 0.1875 0.146875
0 0.7828125 0.2921875 0.153125 0.153125
0 0.65 0.284375 0.18125 0.16875
0 0.5984375 0.15 0.078125 0.2375
0 0.69375 0.1125 0.125 0.2
0 0.9203125 0.16875 0.140625 0.13125
0 0.5125 0.8046875 0.09375 0.184375
0 0.1078125 0.890625 0.215625 0.18125
0 0.390625 0.775 0.175 0.175
0 0.3140625 0.63125 0.240625 0.1125
0 0.209375 0.8375 0.18125 0.15
0 0.0203125 0.7421875 0.040625 0.090625
0 0.7046875 0.7921875 0.153125 0.115625
