0 0.4171875 0.5875 0.140625 0.225
0 0.409375 0.4203125 0.15625 0.140625
0 0.8984375 0.50625 0.203125 0.26875
0 0.5484375 0.596875 0.121875 0.20625
0 0.865625 0.3171875 0.18125 0.190625
0 0.6671875 0.425 0.359375 0.2
0 0.059375 0.9484375 0.11875 0.103125
0 0.6515625 0.94375 0.184375 0.1125
0 0.7984375 0.9109375 0.184375 0.178125
0 0.575 0.928125 0.175 0.14375
0 0.7984375 0.7609375 0.115625 0.121875
0 0.5109375 0.775 0.046875 0.14375
0 0.6109375 0.78125 0.171875 0.1125
0 0.9234375 0.865625 0.153125 0.1625
