0 0.45625 0.23125 0.10625 0.4125
0 0.0984375 0.31875 0.196875 0.4
0 0.359375 0.378125 0.3 0.26875
0 0.3125 0.1484375 0.28125 0.296875
0 0.9265625 0.353125 0.146875 0.275
0 0.9375 0.5546875 0.125 0.065625
0 0.8109375 0.528125 0.159375 0.11875
0 0.890625 0.5171875 0.11875 0.140625
0 0.1359375 0.79375 0.271875 0.4125
0 0.3640625 0.81875 0.290625 0.3625
0 0.4328125 0.7828125 0.153125 0.390625
0 0.178125 0.71875 0.15 0.21875
0 0.84375 0.84375 0.29375 0.3125
0 0.6203125 0.91875 0.221875 0.1625
0 0.9515625 0.8921875 0.096875 0.215625
0 0.91875 0.709375 0.1625 0.15625
