0 0.5640625 0.50625 0.128125 0.3125
0 0.140625 0.5265625 0.26875 0.253125
0 0.109375 0.2171875 0.21875 0.253125
0 0.1640625 0.0984375 0.196875 0.159375
0 0.0921875 0.4296875 0.184375 0.328125
0 0.3421875 0.2046875 0.196875 0.196875
0 0.528125 0.1390625 0.2 0.178125
0 0.45 0.353125 0.175 0.26875
0 0.31875 0.4546875 0.21875 0.334375
0 0.559375 0.26875 0.1375 0.2125
0 0.3875 0.1015625 0.1625 0.128125
0 0.478125 0.05625 0.11875 0.1125
0 0.5765625 0.08125 0.103125 0.15625
0 0.8875 0.3640625 0.225 0.353125
0 0.7796875 0.546875 0.303125 0.2625
0 0.884375 0.540625 0.23125 0.275
0 0.8140625 0.2859375 0.371875 0.371875
0 0.790625 0.1859375 0.325 0.371875
0 0.1203125 0.8390625 0.215625 0.321875
0 0.271875 0.8875 0.13125 0.225
0 0.7703125 0.9546875 0.115625 0.090625
0 0.91875 0.9359375 0.1625 0.128125
