0 0.09375 0.484375 0.1875 0.3875
0 0.28125 0.475 0.33125 0.40625
0 0.025 0.1984375 0.05 0.203125
0 0.0984375 0.3515625 0.196875 0.359375
0 0.246875 0.146875 0.15 0.1625
0 0.2984375 0.26875 0.221875 0.2
0 0.740625 0.64375 0.2625 0.06875
0 0.7140625 0.4359375 0.209375 0.271875
0 0.7546875 0.3171875 0.196875 0.165625
0 0.6890625 0.584375 0.159375 0.1875
0 0.9171875 0.421875 0.165625 0.19375
0 0.9765625 0.5578125 0.046875 0.240625
0 0.9 0.5921875 0.2 0.171875
0 0.95 0.31875 0.1 0.11875
0 0.4265625 0.8875 0.365625 0.225
0 0.3671875 0.7578125 0.290625 0.159375
0 0.096875 0.7421875 0.19375 0.128125
0 0.053125 0.8453125 0.10625 0.240625
0 0.2234375 0.8796875 0.253125 0.215625
0 0.728125 0.9296875 0.15625 0.140625
0 0.9328125 0.978125 0.134375 0.04375
