0 0.1171875 0.3546875 0.178125 0.253125
0 0.2984375 0.0609375 0.153125 0.121875
0 0.025 0.2765625 0.05 0.196875
0 0.2125 0.0234375 0.1 0.046875
0 0.15625 0.2328125 0.1625 0.215625
0 0.2671875 0.253125 0.115625 0.175
0 0.1859375 0.090625 0.134375 0.175
0 0.08125 0.090625 0.1625 0.18125
0 0.4765625 0.2234375 0.065625 0.203125
0 0.665625 0.2546875 0.3125 0.509375
0 0.8515625 0.2546875 0.296875 0.509375
0 0.3421875 0.9234375 0.178125 0.153125
0 0.05625 0.740625 0.1125 0.1375
0 0.175 0.8046875 0.14375 0.178125
0 0.2515625 0.878125 0.121875 0.225
0 0.8609375 0.9390625 0.209375 0.121875
0 0.93125 0.8265625 0.1375 0.209375
