0 0.0109375 0.23125 0.021875 0.125
0 0.203125 0.1484375 0.1125 0.134375
0 0.1390625 0.2515625 0.115625 0.109375
0 0.0515625 0.28125 0.103125 0.1125
0 0.053125 0.175 0.1 0.1
0 0.4546875 0.2453125 0.028125 0.109375
0 0.26875 0.228125 0.10625 0.15
0 0.7078125 0.5 0.071875 0.08125
0 0.7890625 0.4765625 0.059375 0.103125
0 0.703125 0.3109375 0.08125 0.109375
0 0.8890625 0.446875 0.059375 0.0625
0 0.83125 0.4625 0.06875 0.08125
0 0.759375 0.3875 0.06875 0.0875
0 0.0546875 0.89375 0.109375 0.2125
0 0.125 0.76875 0.225 0.4375
0 0.2953125 0.8671875 0.134375 0.146875
0 0.3125 0.6109375 0.14375 0.121875
0 0.6515625 0.9109375 0.165625 0.178125
0 0.784375 0.903125 0.13125 0.19375
0 0.96875 0.9484375 0.0625 0.103125
