0 0.1421875 0.284375 0.284375 0.30625
0 0.490625 0.3109375 0.1375 0.253125
0 0.390625 0.3109375 0.225 0.253125
0 0.7546875 0.0734375 0.390625 0.146875
0 0.0546875 0.7015625 0.109375 0.240625
0 0.109375 0.871875 0.19375 0.25625
0 0.2359375 0.88125 0.171875 0.2375
0 0.3671875 0.89375 0.134375 0.2125
0 0.5125 0.7328125 0.09375 0.215625
0 0.4875 0.8765625 0.14375 0.246875
0 0.390625 0.7203125 0.15 0.165625
0 0.2578125 0.7375 0.128125 0.1625
0 0.1546875 0.665625 0.134375 0.2125
0 0.8453125 0.6921875 0.096875 0.109375
0 0.703125 0.578125 0.1 0.0875
0 0.6015625 0.63125 0.084375 0.09375
0 0.75 0.6875 0.14375 0.1125
0 0.5828125 0.703125 0.046875 0.09375
0 0.6390625 0.7125 0.084375 0.075
