0 0.0953125 0.5359375 0.190625 0.346875
0 0.2625 0.553125 0.2625 0.3125
0 0.628125 0.303125 0.1 0.36875
0 0.3109375 0.290625 0.203125 0.3125
0 0.490625 0.3171875 0.25 0.303125
0 0.546875 0.55625 0.225 0.30625
0 0.6375 0.5796875 0.08125 0.259375
0 0.15625 0.2875 0.25625 0.38125
0 0.8546875 0.6140625 0.228125 0.190625
0 0.7171875 0.54375 0.078125 0.16875
0 0.7 0.3546875 0.04375 0.196875
0 0.9703125 0.4921875 0.059375 0.203125
0 0.928125 0.2953125 0.14375 0.159375
0 0.4890625 0.9703125 0.196875 0.059375
0 0.35625 0.934375 0.2125 0.13125
0 0.7546875 0.828125 0.153125 0.2375
0 0.86875 0.8359375 0.25 0.253125
