0 0.375 0.2640625 0.13125 0.178125
0 0.0984375 0.1765625 0.128125 0.165625
0 0.290625 0.196875 0.10625 0.18125
0 0.4453125 0.1640625 0.178125 0.203125
0 0.05625 0.2296875 0.1125 0.159375
0 0.2296875 0.3875 0.171875 0.0625
0 0.2609375 0.328125 0.140625 0.18125
0 0.15625 0.328125 0.1375 0.1625
0 0.9171875 0.2296875 0.165625 0.378125
0 0.76875 0.1390625 0.18125 0.221875
0 0.8859375 0.03125 0.228125 0.0625
0 0.4203125 0.709375 0.334375 0.58125
0 0.7828125 0.840625 0.390625 0.31875
0 0.7140625 0.5140625 0.253125 0.190625
