0 0.3078125 0.5171875 0.159375 0.140625
0 0.4453125 0.490625 0.171875 0.19375
0 0.2203125 0.49375 0.184375 0.15625
0 0.353125 0.1921875 0.11875 0.134375
0 0.4421875 0.1734375 0.090625 0.134375
0 0.1140625 0.340625 0.159375 0.16875
0 0.075 0.475 0.15 0.1625
0 0.5953125 0.428125 0.178125 0.18125
0 0.4640625 0.3078125 0.128125 0.159375
0 0.796875 0.3859375 0.175 0.403125
0 0.7890625 0.078125 0.159375 0.15625
0 0.8875 0.0765625 0.225 0.153125
0 0.9109375 0.403125 0.178125 0.30625
0 0.596875 0.6796875 0.225 0.184375
0 0.1234375 0.71875 0.246875 0.2625
0 0.9125 0.925 0.175 0.15
0 0.965625 0.8171875 0.06875 0.171875
0 0.8921875 0.7390625 0.190625 0.190625
0 0.821875 0.8359375 0.175 0.209375
0 0.7578125 0.7859375 0.096875 0.190625
