0 0.1125 0.1703125 0.11875 0.240625
0 0.45625 0.4171875 0.1125 0.203125
0 0.6484375 0.3265625 0.121875 0.196875
0 0.803125 0.484375 0.18125 0.06875
0 0.9453125 0.1140625 0.109375 0.109375
0 0.940625 0.3078125 0.11875 0.153125
0 0.9171875 0.4265625 0.165625 0.184375
0 0.24375 0.759375 0.3125 0.48125
0 0.8109375 0.625 0.221875 0.2125
0 0.6328125 0.596875 0.184375 0.15625
0 0.5734375 0.73125 0.134375 0.15625
0 0.6984375 0.7390625 0.128125 0.209375
0 0.8140625 0.8625 0.278125 0.275
0 0.946875 0.7671875 0.10625 0.278125
