0 0.075 0.2359375 0.15 0.465625
0 0.1953125 0.228125 0.246875 0.325
0 0.3625 0.1890625 0.1875 0.234375
0 0.1671875 0.0484375 0.234375 0.096875
0 0.375 0.04375 0.24375 0.0875
0 0.525 0.1921875 0.1875 0.340625
0 0.784375 0.021875 0.0875 0.04375
0 0.84375 0.021875 0.075 0.04375
0 0.4546875 0.8640625 0.190625 0.271875
0 0.55 0.9078125 0.1375 0.184375
0 0.3609375 0.8703125 0.128125 0.184375
0 0.403125 0.7625 0.175 0.175
0 0.484375 0.6796875 0.13125 0.184375
0 0.3828125 0.6359375 0.128125 0.140625
0 0.590625 0.7703125 0.05625 0.140625
0 0.828125 0.959375 0.125 0.08125
0 0.759375 0.9546875 0.13125 0.090625
0 0.6484375 0.940625 0.059375 0.11875
0 0.9796875 0.6796875 0.040625 0.146875
