0 0.1703125 0.2359375 0.340625 0.334375
0 0.425 0.3234375 0.425 0.290625
0 0.4953125 0.1453125 0.284375 0.284375
0 0.2 0.090625 0.36875 0.18125
0 0.48125 0.1578125 0.3125 0.315625
0 0.496875 0.953125 0.2 0.09375
0 0.2765625 0.9640625 0.121875 0.071875
0 0.1671875 0.7765625 0.190625 0.259375
0 0.2859375 0.8390625 0.109375 0.146875
0 0.3734375 0.8203125 0.128125 0.171875
0 0.434375 0.884375 0.08125 0.0875
0 0.51875 0.7140625 0.125 0.071875
0 0.6859375 0.7421875 0.096875 0.515625
0 0.8671875 0.7828125 0.265625 0.434375
0 0.9109375 0.5734375 0.178125 0.209375
0 0.7546875 0.784375 0.165625 0.43125
