0 0.159375 0.1078125 0.125 0.178125
0 0.35 0.3671875 0.2125 0.121875
0 0.25 0.053125 0.125 0.10625
0 0.084375 0.0578125 0.16875 0.115625
0 0.43125 0.053125 0.1375 0.10625
0 0.4578125 0.09375 0.084375 0.1875
0 0.45 0.34375 0.1 0.16875
0 0.1984375 0.334375 0.103125 0.18125
0 0.3015625 0.325 0.146875 0.20625
0 0.2796875 0.1890625 0.121875 0.178125
0 0.3796875 0.178125 0.134375 0.18125
0 0.446875 0.2078125 0.10625 0.215625
0 0.596875 0.2171875 0.19375 0.421875
0 0.465625 0.796875 0.06875 0.0625
0 0.3796875 0.7890625 0.096875 0.065625
0 0.3078125 0.78125 0.065625 0.05625
0 0.0515625 0.7140625 0.084375 0.053125
0 0.75 0.7140625 0.5 0.571875
