0 0.2546875 0.4171875 0.184375 0.140625
0 0.4015625 0.3828125 0.190625 0.209375
0 0.171875 0.3953125 0.19375 0.159375
0 0.3 0.0953125 0.13125 0.146875
0 0.3875 0.0796875 0.125 0.140625
0 0.403125 0.20625 0.1 0.14375
0 0.0734375 0.2359375 0.140625 0.153125
0 0.215625 0.240625 0.175 0.11875
0 0.5171875 0.3234375 0.140625 0.165625
0 0.9421875 0.4359375 0.115625 0.103125
0 0.396875 0.7375 0.04375 0.03125
0 0.8625 0.640625 0.16875 0.19375
0 0.75625 0.596875 0.1625 0.21875
0 0.9484375 0.6109375 0.103125 0.171875
0 0.8921875 0.51875 0.178125 0.0625
