0 0.4984375 0.0328125 0.059375 0.040625
0 0.4421875 0.0359375 0.046875 0.040625
0 0.4390625 0.0109375 0.040625 0.021875
0 0.3109375 0.809375 0.215625 0.2375
0 0.1 0.9 0.2 0.2
0 0.0609375 0.5078125 0.121875 0.115625
0 0.1546875 0.803125 0.171875 0.19375
0 0.29375 0.665625 0.15 0.16875
0 0.2 0.6109375 0.15625 0.184375
0 0.0296875 0.725 0.059375 0.24375
0 0.340625 0.509375 0.1 0.11875
0 0.3484375 0.4765625 0.140625 0.053125
0 0.7828125 0.753125 0.040625 0.03125
0 0.7375 0.7546875 0.03125 0.028125
0 0.75625 0.759375 0.025 0.01875
