0 0.403125 0.45625 0.23125 0.04375
0 0.3859375 0.3734375 0.203125 0.153125
0 0.54375 0.3765625 0.125 0.203125
0 0.63125 0.4359375 0.225 0.084375
0 0.39375 0.209375 0.11875 0.16875
0 0.2984375 0.1890625 0.096875 0.109375
0 0.28125 0.35 0.0625 0.24375
0 0.6609375 0.3328125 0.121875 0.146875
0 0.86875 0.278125 0.14375 0.1625
0 0.5453125 0.2234375 0.184375 0.128125
0 0.59375 0.13125 0.13125 0.1625
0 0.359375 0.075 0.125 0.125
0 0.5484375 0.9421875 0.265625 0.115625
0 0.8640625 0.9390625 0.196875 0.121875
0 0.7265625 0.94375 0.184375 0.1125
0 0.59375 0.8515625 0.18125 0.215625
0 0.7859375 0.8359375 0.159375 0.215625
0 0.9390625 0.96875 0.121875 0.0625
0 0.684375 0.725 0.1125 0.23125
