0 0.0421875 0.2234375 0.084375 0.259375
0 0.134375 0.2890625 0.1625 0.221875
0 0.0859375 0.025 0.171875 0.05
0 0.0640625 0.09375 0.128125 0.1875
0 0.409375 0.0421875 0.15625 0.084375
0 0.6796875 0.290625 0.215625 0.21875
0 0.7359375 0.1421875 0.146875 0.159375
0 0.8484375 0.1015625 0.096875 0.178125
0 0.246875 0.7171875 0.25 0.365625
0 0.425 0.621875 0.125 0.36875
0 0.0921875 0.675 0.184375 0.33125
0 0.278125 0.4921875 0.23125 0.184375
0 0.284375 0.434375 0.18125 0.06875
0 0.0984375 0.55 0.196875 0.3
0 0.7640625 0.7 0.471875 0.6
0 0.596875 0.703125 0.21875 0.59375
