0 0.159375 0.334375 0.15 0.2375
0 0.0890625 0.4859375 0.178125 0.165625
0 0.384375 0.4875 0.225 0.1625
0 0.465625 0.303125 0.16875 0.21875
0 0.5296875 0.43125 0.059375 0.1875
0 0.2859375 0.38125 0.134375 0.175
0 0.2578125 0.5171875 0.240625 0.103125
0 0.715625 0.4484375 0.3125 0.240625
0 0.7796875 0.078125 0.271875 0.15625
0 0.9171875 0.1921875 0.165625 0.246875
0 0.1171875 0.821875 0.165625 0.24375
0 0.25 0.8609375 0.14375 0.259375
0 0.20625 0.659375 0.125 0.10625
0 0.4796875 0.8640625 0.115625 0.171875
0 0.38125 0.9390625 0.14375 0.121875
0 0.584375 0.8578125 0.05 0.084375
0 0.5734375 0.7359375 0.028125 0.090625
0 0.6296875 0.8296875 0.071875 0.078125
0 0.6765625 0.709375 0.071875 0.08125
0 0.6953125 0.828125 0.071875 0.0625
0 0.7890625 0.7109375 0.053125 0.053125
0 0.771875 0.8 0.04375 0.04375
0 0.834375 0.775 0.06875 0.05625
0 0.878125 0.721875 0.04375 0.04375
