0 0.2828125 0.34375 0.159375 0.1625
0 0.4453125 0.4328125 0.165625 0.190625
0 0.190625 0.3984375 0.18125 0.228125
0 0.3921875 0.30625 0.146875 0.15625
0 0.9328125 0.1234375 0.134375 0.159375
0 0.7453125 0.0234375 0.221875 0.046875
0 0.6546875 0.2 0.253125 0.16875
0 0.853125 0.1578125 0.15625 0.084375
0 0.503125 0.7125 0.05 0.05
0 0.8953125 0.9484375 0.109375 0.103125
0 0.8546875 0.8796875 0.103125 0.109375
0 0.9671875 0.9203125 0.065625 0.103125
0 0.7625 0.940625 0.10625 0.11875
0 0.7984375 0.8484375 0.071875 0.103125
0 0.9515625 0.865625 0.096875 0.0625
