0 0.25625 0.51875 0.20625 0.08125
0 0.3078125 0.4921875 0.184375 0.134375
0 0.3703125 0.4921875 0.059375 0.121875
0 0.384375 0.3984375 0.03125 0.146875
0 0.6375 0.259375 0.15625 0.21875
0 0.6078125 0.125 0.121875 0.10625
0 0.6796875 0.425 0.134375 0.1875
0 0.7453125 0.5328125 0.153125 0.053125
0 0.6 0.5234375 0.14375 0.071875
0 0.5875 0.403125 0.10625 0.15
0 0.55 0.3046875 0.0875 0.121875
0 0.4484375 0.3484375 0.096875 0.146875
0 0.525 0.5015625 0.0875 0.115625
0 0.0890625 0.6953125 0.178125 0.265625
0 0.2796875 0.6765625 0.215625 0.234375
0 0.3484375 0.6859375 0.103125 0.253125
0 0.0921875 0.6265625 0.184375 0.134375
0 0.628125 0.7796875 0.45625 0.440625
