0 0.090625 0.3546875 0.18125 0.328125
0 0.24375 0.1171875 0.2625 0.234375
0 0.475 0.065625 0.1875 0.13125
0 0.3375 0.309375 0.29375 0.41875
0 0.5046875 0.371875 0.128125 0.29375
0 0.0734375 0.1671875 0.146875 0.228125
0 0.75625 0.3921875 0.375 0.240625
0 0.0484375 0.9859375 0.096875 0.028125
0 0.178125 0.865625 0.1625 0.19375
0 0.13125 0.9703125 0.08125 0.059375
0 0.2125 0.9703125 0.08125 0.059375
0 0.91875 0.9171875 0.1625 0.165625
0 0.640625 0.9671875 0.1375 0.065625
0 0.7375 0.9765625 0.11875 0.046875
0 0.73125 0.9125 0.1125 0.11875
0 0.95625 0.8296875 0.0875 0.153125
0 0.96875 0.740625 0.0625 0.075
0 0.821875 0.8125 0.19375 0.18125
