0 0.196875 0.4109375 0.0625 0.053125
0 0.1125 0.4171875 0.08125 0.078125
0 0.134375 0.365625 0.06875 0.06875
0 0.178125 0.3390625 0.1 0.059375
0 0.6578125 0.3484375 0.353125 0.553125
0 0.921875 0.390625 0.15625 0.4375
0 0.9484375 0.1390625 0.103125 0.278125
0 0.840625 0.378125 0.16875 0.4375
0 0.13125 0.9484375 0.1125 0.103125
0 0.1046875 0.721875 0.090625 0.06875
0 0.134375 0.8390625 0.08125 0.134375
0 0.3484375 0.9734375 0.059375 0.053125
0 0.4515625 0.7671875 0.140625 0.159375
0 0.5609375 0.7578125 0.146875 0.140625
0 0.6703125 0.7390625 0.159375 0.103125
0 0.7796875 0.70625 0.115625 0.0375
