0 0.2265625 0.159375 0.134375 0.20625
0 0.1953125 0.0390625 0.121875 0.078125
0 0.2671875 0.325 0.115625 0.175
0 0.3328125 0.46875 0.153125 0.11875
0 0.1859375 0.459375 0.128125 0.1375
0 0.175 0.303125 0.125 0.1625
0 0.1390625 0.20625 0.103125 0.13125
0 0.0453125 0.2484375 0.090625 0.159375
0 0.1109375 0.4328125 0.115625 0.190625
0 0.76875 0.1609375 0.4625 0.321875
0 0.3359375 0.75625 0.403125 0.45625
0 0.728125 0.8453125 0.25625 0.309375
0 0.915625 0.8484375 0.16875 0.303125
0 0.634375 0.78125 0.19375 0.4375
