0 0.3328125 0.38125 0.178125 0.23125
0 0.5234375 0.5296875 0.128125 0.140625
0 0.0859375 0.46875 0.171875 0.2625
0 0.9375 0.45 0.125 0.23125
0 0.8203125 0.3234375 0.096875 0.153125
0 0.8828125 0.46875 0.078125 0.2
0 0.66875 0.5078125 0.09375 0.115625
0 0.9015625 0.2671875 0.071875 0.128125
0 0.8171875 0.46875 0.065625 0.175
0 0.7515625 0.471875 0.096875 0.175
0 0.1140625 0.971875 0.115625 0.05625
0 0.253125 0.9765625 0.075 0.046875
0 0.3796875 0.965625 0.065625 0.06875
0 0.4953125 0.9734375 0.046875 0.046875
0 0.575 0.98125 0.025 0.0375
0 0.9578125 0.78125 0.084375 0.3625
0 0.6546875 0.81875 0.134375 0.3625
0 0.8625 0.878125 0.275 0.24375
0 0.834375 0.7109375 0.29375 0.221875
