0 0.4890625 0.3109375 0.128125 0.078125
0 0.8125 0.315625 0.18125 0.06875
0 0.7125 0.2203125 0.0875 0.103125
0 0.965625 0.2609375 0.06875 0.178125
0 0.2921875 0.871875 0.240625 0.25625
0 0.121875 0.8984375 0.19375 0.203125
0 0.103125 0.6265625 0.20625 0.196875
0 0.0609375 0.7875 0.121875 0.2125
0 0.134375 0.5296875 0.2 0.203125
0 0.81875 0.8625 0.15 0.11875
0 0.8140625 0.759375 0.103125 0.125
0 0.7015625 0.8234375 0.065625 0.121875
0 0.903125 0.765625 0.09375 0.125
0 0.8390625 0.628125 0.084375 0.125
0 0.7046875 0.7015625 0.071875 0.121875
0 0.975 0.8171875 0.05 0.109375
0 0.959375 0.609375 0.08125 0.10625
0 0.921875 0.66875 0.08125 0.125
0 0.9671875 0.7234375 0.065625 0.115625
