0 0.2234375 0.303125 0.234375 0.09375
0 0.040625 0.284375 0.08125 0.13125
0 0.2765625 0.2046875 0.234375 0.215625
0 0.0609375 0.1234375 0.121875 0.246875
0 0.25625 0.05625 0.20625 0.1125
0 0.415625 0.08125 0.125 0.1625
0 0.43125 0.1765625 0.1125 0.265625
0 0.1296875 0.06875 0.140625 0.1375
0 0.675 0.0625 0.15625 0.125
0 0.5515625 0.0546875 0.128125 0.109375
0 0.8140625 0.06875 0.153125 0.1375
0 0.4546875 0.6359375 0.040625 0.040625
0 0.953125 0.76875 0.09375 0.2
0 0.8453125 0.7421875 0.140625 0.221875
0 0.5578125 0.6984375 0.103125 0.171875
0 0.778125 0.73125 0.1125 0.2
0 0.6421875 0.6921875 0.109375 0.190625
0 0.5 0.640625 0.025 0.1875
