0 0.534375 0.3234375 0.1375 0.215625
0 0.6046875 0.2578125 0.090625 0.140625
0 0.421875 0.2890625 0.125 0.165625
0 0.4703125 0.4296875 0.134375 0.121875
0 0.2984375 0.3921875 0.109375 0.103125
0 0.546875 0.9453125 0.175 0.109375
0 0.5578125 0.83125 0.159375 0.175
0 0.4046875 0.7921875 0.159375 0.084375
0 0.496875 0.6984375 0.10625 0.103125
0 0.36875 0.6125 0.0625 0.09375
0 0.425 0.6078125 0.04375 0.078125
0 0.4546875 0.6328125 0.065625 0.078125
0 0.5328125 0.6328125 0.090625 0.096875
0 0.3234375 0.9828125 0.090625 0.034375
0 0.3171875 0.696875 0.078125 0.08125
0 0.3578125 0.746875 0.078125 0.08125
0 0.4375 0.878125 0.1375 0.13125
0 0.825 0.6765625 0.35 0.278125
