0 0.525 0.2609375 0.16875 0.171875
0 0.4328125 0.315625 0.178125 0.225
0 0.1453125 0.225 0.059375 0.08125
0 0.13125 0.1296875 0.0625 0.109375
0 0.590625 0.2234375 0.0375 0.140625
0 0.9640625 0.4265625 0.071875 0.103125
0 0.78125 0.1734375 0.0875 0.084375
0 0.903125 0.3078125 0.09375 0.121875
0 0.225 0.8359375 0.175 0.234375
0 0.3609375 0.7671875 0.178125 0.196875
0 0.1359375 0.7703125 0.184375 0.153125
0 0.26875 0.503125 0.10625 0.05
0 0.35625 0.496875 0.1 0.0375
0 0.05 0.615625 0.1 0.15
0 0.03125 0.7515625 0.0625 0.153125
0 0.5109375 0.703125 0.159375 0.1625
0 0.3796875 0.5828125 0.115625 0.153125
