0 0.2203125 0.3203125 0.396875 0.496875
0 0.14375 0.0703125 0.2875 0.140625
0 0.4328125 0.2125 0.290625 0.425
0 0.8484375 0.296875 0.259375 0.4625
0 0.7109375 0.2578125 0.203125 0.515625
0 0.6375 0.3953125 0.11875 0.215625
0 0.171875 0.71875 0.34375 0.28125
0 0.3234375 0.65625 0.434375 0.175
0 0.621875 0.9453125 0.0875 0.109375
0 0.715625 0.9171875 0.1875 0.165625
0 0.628125 0.6375 0.1 0.125
0 0.7140625 0.628125 0.090625 0.11875
0 0.8671875 0.875 0.159375 0.1625
0 0.7359375 0.7546875 0.115625 0.153125
