0 0.1890625 0.275 0.378125 0.55
0 0.603125 0.171875 0.04375 0.05
0 0.6109375 0.2296875 0.071875 0.040625
0 0.6578125 0.228125 0.065625 0.04375
0 0.7234375 0.2296875 0.084375 0.040625
0 0.34375 0.9734375 0.06875 0.053125
0 0.3578125 0.9203125 0.040625 0.121875
0 0.6578125 0.903125 0.184375 0.19375
0 0.8125 0.9140625 0.11875 0.165625
0 0.8296875 0.9796875 0.234375 0.040625
0 0.4046875 0.95625 0.053125 0.0875
0 0.465625 0.9640625 0.1125 0.071875
0 0.459375 0.884375 0.1125 0.11875
0 0.7125 0.8015625 0.125 0.140625
0 0.775 0.740625 0.05 0.10625
0 0.7140625 0.7140625 0.084375 0.065625
0 0.9109375 0.9125 0.103125 0.15625
0 0.55 0.784375 0.19375 0.18125
