0 0.0859375 0.4125 0.171875 0.25
0 0.240625 0.4171875 0.25625 0.240625
0 0.19375 0.209375 0.26875 0.35
0 0.3890625 0.3421875 0.190625 0.259375
0 0.390625 0.48125 0.2 0.1125
0 0.521875 0.4828125 0.2125 0.109375
0 0.5046875 0.3609375 0.178125 0.253125
0 0.4203125 0.1328125 0.240625 0.265625
0 0.2015625 0.0703125 0.240625 0.140625
0 0.04375 0.234375 0.0875 0.18125
0 0.85 0.35 0.28125 0.375
0 0.6875 0.4171875 0.11875 0.240625
0 0.7125 0.93125 0.16875 0.1375
0 0.83125 0.925 0.175 0.15
0 0.95625 0.8984375 0.0875 0.153125
