0 0.328125 0.390625 0.29375 0.175
0 0.046875 0.2203125 0.09375 0.196875
0 0.134375 0.3359375 0.23125 0.284375
0 0.2921875 0.16875 0.159375 0.175
0 0.346875 0.2890625 0.2125 0.190625
0 0.775 0.3421875 0.35 0.271875
0 0.71875 0.1390625 0.2375 0.278125
0 0.9125 0.2578125 0.175 0.440625
0 0.1875 0.6890625 0.23125 0.396875
0 0.3046875 0.58125 0.240625 0.20625
0 0.459375 0.690625 0.28125 0.425
0 0.053125 0.625 0.10625 0.26875
0 0.9125 0.715625 0.175 0.25
0 0.7046875 0.746875 0.209375 0.21875
0 0.7953125 0.6671875 0.221875 0.296875
