0 0.2328125 0.2359375 0.109375 0.084375
0 0.41875 0.246875 0.1 0.0625
0 0.415625 0.0703125 0.075 0.090625
0 0.10625 0.1625 0.06875 0.1
0 0.1625 0.1578125 0.04375 0.078125
0 0.1921875 0.1828125 0.071875 0.084375
0 0.2703125 0.1828125 0.103125 0.109375
0 0.0546875 0.240625 0.084375 0.075
0 0.09375 0.265625 0.08125 0.025
0 0.459375 0.171875 0.1 0.10625
0 0.7703125 0.09375 0.253125 0.1875
0 0.29375 0.765625 0.225 0.23125
0 0.3578125 0.9 0.228125 0.2
0 0.2515625 0.5765625 0.234375 0.209375
0 0.421875 0.6515625 0.175 0.246875
0 0.4640625 0.85 0.090625 0.2625
0 0.4453125 0.94375 0.128125 0.1125
0 0.190625 0.9328125 0.19375 0.134375
0 0.075 0.9484375 0.15 0.103125
0 0.1265625 0.765625 0.184375 0.2125
0 0.1875 0.4078125 0.2875 0.184375
0 0.78125 0.7515625 0.29375 0.496875
0 0.6046875 0.8046875 0.190625 0.390625
0 0.59375 0.5609375 0.16875 0.321875
