0 0.3125 0.39375 0.24375 0.16875
0 0.0578125 0.096875 0.115625 0.19375
0 0.1375 0.4 0.175 0.15625
0 0.278125 0.2859375 0.16875 0.184375
0 0.184375 0.23125 0.175 0.2
0 0.3265625 0.121875 0.103125 0.1375
0 0.440625 0.3 0.1125 0.1375
0 0.5234375 0.2734375 0.090625 0.146875
0 0.44375 0.20625 0.11875 0.11875
0 0.353125 0.0609375 0.18125 0.121875
0 0.88125 0.184375 0.2375 0.29375
0 0.6875 0.3609375 0.2375 0.234375
0 0.84375 0.4078125 0.3125 0.140625
0 0.11875 0.896875 0.21875 0.20625
0 0.3015625 0.828125 0.315625 0.19375
0 0.3859375 0.734375 0.309375 0.2
0 0.93125 0.7734375 0.11875 0.384375
0 0.6640625 0.6515625 0.090625 0.190625
0 0.8203125 0.6875 0.159375 0.3875
0 0.7265625 0.659375 0.071875 0.225
