0 0.1046875 0.1484375 0.209375 0.228125
0 0.33125 0.1796875 0.29375 0.296875
0 0.55 0.1984375 0.20625 0.209375
0 0.1859375 0.0875 0.184375 0.175
0 0.4953125 0.0421875 0.228125 0.084375
0 0.3578125 0.0484375 0.159375 0.096875
0 0.2546875 0.025 0.221875 0.05
0 0.23125 0.5875 0.18125 0.1375
0 0.9078125 0.640625 0.184375 0.20625
0 0.7953125 0.8546875 0.171875 0.271875
0 0.7859375 0.434375 0.109375 0.10625
0 0.921875 0.903125 0.15625 0.19375
0 0.834375 0.359375 0.1125 0.0625
0 0.896875 0.4515625 0.11875 0.159375
