0 0.078125 0.2671875 0.15625 0.259375
0 0.4984375 0.09375 0.096875 0.1
0 0.546875 0.0703125 0.025 0.115625
0 0.3484375 0.0296875 0.178125 0.059375
0 0.746875 0.10625 0.18125 0.15
0 0.93125 0.1109375 0.1375 0.109375
0 0.90625 0.0203125 0.15 0.040625
0 0.8828125 0.084375 0.171875 0.1
0 0.6390625 0.1375 0.159375 0.0875
0 0.075 0.8875 0.15 0.225
0 0.2203125 0.878125 0.253125 0.24375
0 0.2296875 0.665625 0.315625 0.2375
0 0.428125 0.9078125 0.2625 0.184375
0 0.5015625 0.85625 0.115625 0.2875
0 0.6640625 0.9421875 0.171875 0.115625
0 0.61875 0.8625 0.11875 0.13125
