0 0.0921875 0.0625 0.159375 0.125
0 0.0578125 0.2 0.115625 0.25625
0 0.3640625 0.278125 0.278125 0.1
0 0.31875 0.1890625 0.225 0.228125
0 0.4546875 0.2296875 0.109375 0.196875
0 0.3984375 0.0359375 0.146875 0.071875
0 0.4734375 0.1 0.071875 0.18125
0 0.21875 0.0703125 0.14375 0.140625
0 0.19375 0.23125 0.24375 0.19375
0 0.6453125 0.059375 0.103125 0.11875
0 0.875 0.0203125 0.11875 0.040625
0 0.8140625 0.0765625 0.121875 0.115625
0 0.7265625 0.10625 0.103125 0.1125
0 0.5671875 0.0609375 0.096875 0.109375
0 0.5265625 0.05625 0.034375 0.1125
0 0.7265625 0.0234375 0.096875 0.046875
0 0.9421875 0.0625 0.090625 0.125
0 0.203125 0.88125 0.23125 0.2375
0 0.5859375 0.66875 0.153125 0.575
0 0.725 0.7625 0.3375 0.4625
