0 0.5265625 0.4515625 0.115625 0.434375
0 0.9421875 0.4484375 0.115625 0.309375
0 0.7109375 0.459375 0.184375 0.2875
0 0.525 0.1984375 0.1125 0.271875
0 0.66875 0.2484375 0.18125 0.284375
0 0.91875 0.23125 0.1625 0.26875
0 0.8390625 0.3859375 0.190625 0.315625
0 0.7953125 0.15625 0.196875 0.18125
0 0.38125 0.8421875 0.14375 0.234375
0 0.2546875 0.790625 0.140625 0.18125
0 0.296875 0.940625 0.15 0.11875
0 0.1328125 0.865625 0.184375 0.26875
0 0.025 0.8109375 0.05 0.265625
0 0.6140625 0.9140625 0.290625 0.171875
0 0.7515625 0.8390625 0.259375 0.321875
