0 0.365625 0.5359375 0.24375 0.128125
0 0.2484375 0.153125 0.271875 0.30625
0 0.9625 0.4875 0.075 0.15625
0 0.896875 0.5359375 0.13125 0.128125
0 0.9546875 0.2828125 0.090625 0.109375
0 0.7546875 0.4890625 0.121875 0.159375
0 0.6640625 0.4828125 0.109375 0.159375
0 0.5890625 0.3609375 0.078125 0.134375
0 0.584375 0.478125 0.1 0.1
0 0.7015625 0.3625 0.128125 0.1125
0 0.7140625 0.2515625 0.115625 0.121875
0 0.8265625 0.334375 0.121875 0.125
0 0.94375 0.190625 0.1125 0.18125
0 0.8453125 0.21875 0.090625 0.125
0 0.134375 0.959375 0.1375 0.08125
0 0.2640625 0.9875 0.134375 0.025
0 0.38125 0.9765625 0.10625 0.046875
0 0.2828125 0.8390625 0.103125 0.103125
0 0.7453125 0.953125 0.390625 0.09375
