0 0.475 0.1515625 0.06875 0.184375
0 0.36875 0.096875 0.1875 0.19375
0 0.4515625 0.0484375 0.115625 0.096875
0 0.7109375 0.15 0.215625 0.21875
0 0.865625 0.1578125 0.13125 0.171875
0 0.8765625 0.2234375 0.246875 0.071875
0 0.5421875 0.215625 0.065625 0.0875
0 0.5390625 0.128125 0.059375 0.11875
0 0.765625 0.0578125 0.125 0.115625
0 0.828125 0.01875 0.05 0.0375
0 0.95625 0.15625 0.0875 0.15625
0 0.6046875 0.059375 0.190625 0.11875
0 0.4578125 0.378125 0.103125 0.2375
0 0.8046875 0.6046875 0.246875 0.253125
0 0.86875 0.7484375 0.21875 0.209375
0 0.7609375 0.4140625 0.259375 0.240625
0 0.91875 0.490625 0.1625 0.2625
0 0.9671875 0.6890625 0.065625 0.253125
0 0.95 0.8453125 0.1 0.221875
0 0.7015625 0.821875 0.190625 0.23125
0 0.5828125 0.83125 0.146875 0.1875
0 0.634375 0.603125 0.175 0.20625
0 0.696875 0.2953125 0.28125 0.071875
