0 0.284375 0.303125 0.125 0.08125
0 0.2390625 0.2234375 0.234375 0.115625
0 0.525 0.2359375 0.05 0.159375
0 0.5953125 0.2515625 0.121875 0.171875
0 0.8765625 0.2296875 0.246875 0.203125
0 0.834375 0.059375 0.23125 0.11875
0 0.5578125 0.0453125 0.115625 0.090625
0 0.7828125 0.0265625 0.153125 0.053125
0 0.7296875 0.2875 0.128125 0.1375
0 0.415625 0.7 0.16875 0.20625
0 0.353125 0.8625 0.29375 0.275
0 0.7640625 0.9140625 0.290625 0.171875
0 0.546875 0.9 0.09375 0.2
0 0.7546875 0.759375 0.184375 0.1625
