0 0.0453125 0.2 0.090625 0.25
0 0.2875 0.196875 0.1875 0.26875
0 0.15 0.184375 0.19375 0.2375
0 0.0578125 0.0734375 0.115625 0.146875
0 0.20625 0.0625 0.1625 0.125
0 0.3765625 0.2 0.171875 0.18125
0 0.4609375 0.140625 0.184375 0.2375
0 0.809375 0.2546875 0.38125 0.290625
0 0.096875 0.7078125 0.19375 0.415625
0 0.1625 0.8546875 0.2875 0.290625
0 0.3265625 0.68125 0.328125 0.3625
0 0.1421875 0.4859375 0.284375 0.171875
0 0.275 0.453125 0.30625 0.10625
0 0.50625 0.625 0.225 0.30625
0 0.9359375 0.6734375 0.128125 0.178125
