0 0.3140625 0.40625 0.140625 0.0875
0 0.2 0.40625 0.1375 0.0875
0 0.378125 0.2296875 0.1375 0.165625
0 0.9671875 0.3515625 0.065625 0.171875
0 0.9 0.30625 0.1 0.15625
0 0.275 0.70625 0.125 0.125
0 0.06875 0.6453125 0.13125 0.115625
0 0.8921875 0.7046875 0.165625 0.296875
0 0.775 0.684375 0.15625 0.28125
0 0.6421875 0.6765625 0.209375 0.309375
0 0.575 0.5265625 0.13125 0.153125
0 0.684375 0.4953125 0.125 0.090625
0 0.9109375 0.50625 0.140625 0.1125
0 0.9734375 0.68125 0.053125 0.3
0 0.5328125 0.6859375 0.046875 0.265625
