0 0.1625 0.26875 0.0625 0.0375
0 0.584375 0.1546875 0.29375 0.309375
0 0.8328125 0.1765625 0.246875 0.284375
0 0.6890625 0.034375 0.203125 0.06875
0 0.8671875 0.0375 0.184375 0.075
0 0.0515625 0.9578125 0.103125 0.084375
0 0.146875 0.9140625 0.14375 0.171875
0 0.8625 0.5484375 0.25625 0.321875
0 0.9640625 0.50625 0.071875 0.26875
0 0.6671875 0.5171875 0.203125 0.253125
0 0.5625 0.4625 0.14375 0.2625
0 0.7875 0.3875 0.14375 0.1375
0 0.54375 0.36875 0.13125 0.1
0 0.48125 0.3578125 0.11875 0.078125
0 0.7015625 0.35625 0.090625 0.075
