0 0.1578125 0.209375 0.315625 0.4
0 0.175 0.05625 0.30625 0.1125
0 0.7546875 0.1609375 0.490625 0.321875
0 0.1953125 0.9640625 0.134375 0.071875
0 0.2875 0.96875 0.1 0.0625
0 0.0421875 0.9265625 0.084375 0.084375
0 0.1375 0.8625 0.10625 0.10625
0 0.2765625 0.8578125 0.071875 0.084375
0 0.3578125 0.9515625 0.065625 0.071875
0 0.3953125 0.83125 0.046875 0.075
0 0.4046875 0.95 0.028125 0.05625
0 0.0859375 0.9796875 0.096875 0.040625
0 0.021875 0.9703125 0.04375 0.059375
0 0.4484375 0.8671875 0.059375 0.265625
0 0.525 0.9109375 0.1625 0.178125
0 0.4890625 0.6109375 0.140625 0.159375
0 0.4640625 0.7171875 0.090625 0.209375
0 0.95625 0.771875 0.0875 0.09375
0 0.94375 0.646875 0.1125 0.1
0 0.8078125 0.671875 0.165625 0.1125
