0 0.2578125 0.29375 0.153125 0.15
0 0.7890625 0.378125 0.165625 0.0625
0 0.6640625 0.3546875 0.153125 0.109375
0 0.684375 0.21875 0.10625 0.19375
0 0.875 0.0234375 0.10625 0.046875
0 0.425 0.5734375 0.30625 0.328125
0 0.4046875 0.4375 0.340625 0.05625
0 0.4703125 0.7609375 0.215625 0.321875
0 0.21875 0.534375 0.25625 0.25
0 0.1453125 0.871875 0.228125 0.25625
0 0.315625 0.8390625 0.3 0.321875
0 0.4890625 0.9578125 0.178125 0.084375
0 0.678125 0.8859375 0.15625 0.228125
0 0.5875 0.7390625 0.01875 0.128125
