0 0.0109375 0.5625 0.021875 0.09375
0 0.221875 0.546875 0.33125 0.125
0 0.3859375 0.4953125 0.203125 0.228125
0 0.15625 0.475 0.09375 0.1375
0 0.109375 0.3890625 0.08125 0.071875
0 0.7484375 0.1421875 0.059375 0.040625
0 0.8921875 0.159375 0.090625 0.08125
0 0.796875 0.15 0.04375 0.03125
0 0.8359375 0.15625 0.040625 0.025
0 0.990625 0.1390625 0.01875 0.034375
0 0.9671875 0.1234375 0.046875 0.034375
0 0.9609375 0.15625 0.046875 0.04375
0 0.9890625 0.1671875 0.021875 0.040625
0 0.38125 0.76875 0.16875 0.08125
0 0.209375 0.7828125 0.1125 0.046875
0 0.3078125 0.784375 0.078125 0.04375
0 0.9125 0.7703125 0.175 0.234375
0 0.528125 0.859375 0.08125 0.175
0 0.671875 0.865625 0.16875 0.26875
