0 0.0421875 0.409375 0.084375 0.2375
0 0.1703125 0.0953125 0.153125 0.190625
0 0.4046875 0.2125 0.028125 0.30625
0 0.0859375 0.0578125 0.103125 0.115625
0 0.2390625 0.05 0.184375 0.1
0 0.0515625 0.3 0.103125 0.20625
0 0.140625 0.321875 0.1125 0.175
0 0.0609375 0.1578125 0.121875 0.178125
0 0.3703125 0.29375 0.096875 0.19375
0 0.56875 0.25625 0.0625 0.06875
0 0.6125 0.265625 0.04375 0.05
0 0.296875 0.796875 0.15625 0.21875
0 0.2671875 0.6640625 0.134375 0.121875
0 0.3390625 0.934375 0.128125 0.13125
0 0.246875 0.93125 0.1125 0.1375
0 0.209375 0.84375 0.09375 0.125
0 0.1 0.8875 0.125 0.15625
0 0.946875 0.9453125 0.10625 0.109375
0 0.909375 0.875 0.1125 0.11875
0 0.81875 0.940625 0.09375 0.11875
0 0.85625 0.8453125 0.075 0.103125
0 0.978125 0.8609375 0.04375 0.071875
