0 0.2375 0.503125 0.24375 0.25625
0 0.2953125 0.3828125 0.184375 0.153125
0 0.175 0.634375 0.26875 0.15
0 0.4484375 0.5953125 0.121875 0.228125
0 0.575 0.5453125 0.1875 0.234375
0 0.7390625 0.5015625 0.171875 0.246875
0 0.8640625 0.53125 0.159375 0.20625
0 0.94375 0.4828125 0.1125 0.165625
0 0.965625 0.4125 0.06875 0.21875
0 0.775 0.3515625 0.175 0.190625
0 0.5984375 0.3796875 0.159375 0.171875
0 0.54375 0.9 0.3125 0.2
0 0.7671875 0.8484375 0.365625 0.278125
0 0.5265625 0.79375 0.278125 0.16875
