0 0.5109375 0.421875 0.109375 0.25625
0 0.409375 0.4546875 0.1375 0.178125
0 0.3046875 0.3546875 0.096875 0.171875
0 0.2078125 0.359375 0.096875 0.125
0 0.1515625 0.446875 0.165625 0.175
0 0.2625 0.46875 0.0875 0.1625
0 0.75 0.38125 0.09375 0.1
0 0.43125 0.9078125 0.35625 0.184375
0 0.29375 0.646875 0.19375 0.15625
0 0.31875 0.5671875 0.1625 0.034375
0 0.4484375 0.6640625 0.278125 0.228125
0 0.115625 0.8265625 0.23125 0.290625
0 0.8421875 0.59375 0.209375 0.0875
0 0.64375 0.6390625 0.06875 0.165625
0 0.728125 0.653125 0.14375 0.20625
0 0.84375 0.8125 0.30625 0.375
0 0.9609375 0.6828125 0.078125 0.265625
