0 0.15 0.328125 0.3 0.1625
0 0.76875 0.2515625 0.1125 0.209375
0 0.665625 0.2796875 0.1375 0.171875
0 0.1953125 0.965625 0.146875 0.06875
0 0.065625 0.9484375 0.13125 0.103125
0 0.0828125 0.7734375 0.165625 0.278125
0 0.484375 0.740625 0.10625 0.3125
0 0.234375 0.678125 0.125 0.10625
0 0.4890625 0.4609375 0.096875 0.103125
0 0.3734375 0.4875 0.203125 0.15625
0 0.36875 0.6375 0.14375 0.15
0 0.7859375 0.4953125 0.084375 0.128125
0 0.8953125 0.475 0.096875 0.13125
0 0.8484375 0.55 0.071875 0.1
0 0.86875 0.6328125 0.09375 0.109375
0 0.7421875 0.6125 0.165625 0.15
0 0.9765625 0.565625 0.046875 0.175
