0 0.34375 0.071875 0.09375 0.14375
0 0.40625 0.15625 0.1 0.0875
0 0.421875 0.0390625 0.075 0.078125
0 0.3390625 0.1625 0.071875 0.075
0 0.2734375 0.1625 0.115625 0.075
0 0.7296875 0.1 0.540625 0.2
0 0.0796875 0.5296875 0.128125 0.109375
0 0.840625 0.7109375 0.18125 0.240625
0 0.615625 0.70625 0.175 0.23125
0 0.7140625 0.7453125 0.109375 0.165625
0 0.68125 0.6046875 0.1625 0.190625
0 0.9375 0.6546875 0.125 0.240625
0 0.821875 0.528125 0.15 0.23125
0 0.5875 0.4015625 0.10625 0.178125
0 0.6109375 0.278125 0.096875 0.15
0 0.790625 0.328125 0.125 0.2
