0 0.428125 0.4 0.15625 0.125
0 0.4234375 0.296875 0.109375 0.13125
0 0.2796875 0.3625 0.140625 0.13125
0 0.0828125 0.340625 0.165625 0.16875
0 0.125 0.2515625 0.11875 0.134375
0 0.5125 0.303125 0.1 0.13125
0 0.4484375 0.1671875 0.103125 0.134375
0 0.2015625 0.2703125 0.103125 0.134375
0 0.284375 0.240625 0.14375 0.1375
0 0.60625 0.3546875 0.10625 0.121875
0 0.5875 0.146875 0.13125 0.11875
0 0.53125 0.20625 0.09375 0.13125
0 0.6015625 0.2609375 0.115625 0.115625
0 0.896875 0.1625 0.20625 0.325
0 0.4734375 0.703125 0.103125 0.13125
0 0.7953125 0.784375 0.090625 0.40625
0 0.8953125 0.8921875 0.209375 0.215625
0 0.915625 0.7125 0.16875 0.28125
