0 0.2390625 0.0828125 0.240625 0.165625
0 0.0296875 0.234375 0.059375 0.375
0 0.0640625 0.3953125 0.128125 0.246875
0 0.1671875 0.409375 0.246875 0.21875
0 0.35625 0.3328125 0.24375 0.371875
0 0.428125 0.3046875 0.1 0.384375
0 0.4 0.0625 0.15625 0.125
0 0.1109375 0.1328125 0.196875 0.209375
0 0.30625 0.965625 0.2125 0.06875
0 0.409375 0.94375 0.1375 0.1125
0 0.315625 0.8546875 0.24375 0.215625
0 0.4484375 0.890625 0.059375 0.19375
0 0.153125 0.9625 0.175 0.075
0 0.0625 0.9234375 0.125 0.153125
0 0.1625 0.85 0.19375 0.21875
0 0.63125 0.896875 0.30625 0.20625
0 0.6703125 0.7859375 0.328125 0.428125
0 0.9484375 0.8109375 0.103125 0.378125
0 0.5203125 0.7734375 0.084375 0.396875
0 0.85 0.803125 0.225 0.31875
