0 0.1578125 0.3265625 0.115625 0.084375
0 0.3515625 0.1453125 0.103125 0.140625
0 0.74375 0.184375 0.16875 0.1875
0 0.60625 0.1328125 0.1125 0.184375
0 0.3265625 0.9140625 0.190625 0.171875
0 0.4390625 0.9578125 0.171875 0.084375
0 0.23125 0.9359375 0.14375 0.128125
0 0.2765625 0.8640625 0.171875 0.171875
0 0.35625 0.778125 0.14375 0.19375
0 0.253125 0.7359375 0.1125 0.128125
0 0.4796875 0.871875 0.078125 0.1375
0 0.8046875 0.890625 0.215625 0.21875
0 0.703125 0.7359375 0.1375 0.221875
0 0.859375 0.7203125 0.18125 0.240625
