0 0.41875 0.1296875 0.1 0.146875
0 0.4375 0.234375 0.0625 0.125
0 0.65625 0.2859375 0.21875 0.096875
0 0.75625 0.2421875 0.1625 0.090625
0 0.4890625 0.271875 0.040625 0.0875
0 0.0875 0.9421875 0.15625 0.115625
0 0.246875 0.9421875 0.11875 0.115625
0 0.321875 0.85 0.1375 0.20625
0 0.2203125 0.8375 0.128125 0.16875
0 0.3375 0.9546875 0.1375 0.090625
0 0.5390625 0.9734375 0.115625 0.053125
0 0.9109375 0.815625 0.128125 0.18125
0 0.9765625 0.9046875 0.046875 0.159375
0 0.7375 0.93125 0.15625 0.1375
0 0.653125 0.9640625 0.1875 0.071875
0 0.8484375 0.9578125 0.103125 0.084375
0 0.8875 0.915625 0.15 0.16875
