0 0.13125 0.3421875 0.2625 0.340625
0 0.1140625 0.0328125 0.228125 0.065625
0 0.378125 0.3859375 0.1625 0.284375
0 0.3890625 0.1921875 0.140625 0.259375
0 0.396875 0.0765625 0.125 0.153125
0 0.040625 0.1421875 0.08125 0.234375
0 0.103125 0.1171875 0.19375 0.203125
0 0.79375 0.3 0.34375 0.45625
0 0.6796875 0.09375 0.246875 0.1875
0 0.515625 0.3203125 0.1125 0.328125
0 0.95 0.353125 0.1 0.35
0 0.7125 0.4453125 0.38125 0.165625
0 0.225 0.8921875 0.34375 0.215625
0 0.38125 0.9265625 0.15625 0.146875
0 0.7296875 0.7125 0.540625 0.36875
