0 0.171875 0.4796875 0.19375 0.259375
0 0.165625 0.13125 0.20625 0.2375
0 0.0828125 0.321875 0.165625 0.23125
0 0.1765625 0.29375 0.184375 0.2125
0 0.846875 0.4015625 0.15 0.190625
0 0.56875 0.3140625 0.125 0.165625
0 0.51875 0.58125 0.15625 0.05625
0 0.3359375 0.578125 0.134375 0.0625
0 0.7609375 0.3359375 0.103125 0.178125
0 0.9109375 0.3 0.178125 0.2125
0 0.51875 0.3703125 0.15 0.171875
0 0.703125 0.55625 0.15 0.10625
0 0.8140625 0.5765625 0.103125 0.065625
0 0.73125 0.465625 0.125 0.16875
0 0.628125 0.465625 0.1375 0.1625
0 0.63125 0.96875 0.175 0.0625
0 0.51875 0.98125 0.15 0.0375
