0 0.6359375 0.1640625 0.415625 0.328125
0 0.90625 0.1109375 0.1875 0.221875
0 0.2765625 0.36875 0.140625 0.01875
0 0.484375 0.7296875 0.1125 0.071875
0 0.5703125 0.7421875 0.096875 0.084375
0 0.4484375 0.6203125 0.040625 0.103125
0 0.5578125 0.6171875 0.071875 0.084375
0 0.6390625 0.7109375 0.065625 0.071875
0 0.684375 0.590625 0.0625 0.075
0 0.7046875 0.709375 0.065625 0.05625
0 0.7984375 0.5921875 0.046875 0.046875
0 0.7796875 0.6796875 0.040625 0.040625
0 0.8421875 0.65625 0.065625 0.05
0 0.8875 0.603125 0.04375 0.04375
