0 0.4859375 0.1640625 0.140625 0.140625
0 0.6484375 0.315625 0.121875 0.1625
0 0.821875 0.328125 0.16875 0.28125
0 0.4375 0.4125 0.1 0.15
0 0.1921875 0.9625 0.115625 0.075
0 0.15 0.909375 0.1 0.10625
0 0.34375 0.9125 0.0875 0.1375
0 0.359375 0.9671875 0.05625 0.065625
0 0.2734375 0.9515625 0.071875 0.096875
0 0.0609375 0.959375 0.090625 0.08125
0 0.0953125 0.8796875 0.071875 0.103125
0 0.2484375 0.896875 0.096875 0.0625
0 0.5078125 0.8921875 0.240625 0.215625
0 0.4734375 0.6609375 0.146875 0.203125
0 0.6421875 0.88125 0.134375 0.2125
0 0.5921875 0.6265625 0.153125 0.153125
0 0.7375 0.5875 0.125 0.15
0 0.6875 0.7796875 0.2625 0.196875
