0 0.35 0.428125 0.10625 0.1
0 0.284375 0.4421875 0.0625 0.053125
0 0.6984375 0.2703125 0.278125 0.415625
0 0.85625 0.3390625 0.2875 0.278125
0 0.9515625 0.2484375 0.096875 0.459375
0 0.709375 0.3 0.13125 0.20625
0 0.4984375 0.884375 0.121875 0.23125
0 0.025 0.734375 0.05 0.1625
0 0.1640625 0.74375 0.178125 0.2125
0 0.2875 0.8203125 0.15625 0.203125
0 0.3515625 0.9265625 0.203125 0.146875
0 0.4328125 0.5875 0.140625 0.14375
0 0.2921875 0.6015625 0.165625 0.234375
0 0.6484375 0.840625 0.178125 0.25625
0 0.6828125 0.6765625 0.146875 0.159375
0 0.7953125 0.6359375 0.084375 0.171875
