0 0.040625 0.1890625 0.08125 0.153125
0 0.1953125 0.196875 0.165625 0.10625
0 0.1546875 0.0875 0.146875 0.06875
0 0.29375 0.09375 0.16875 0.125
0 0.1296875 0.16875 0.171875 0.1
0 0.75625 0.50625 0.16875 0.23125
0 0.9 0.4375 0.16875 0.2
0 0.9671875 0.35625 0.065625 0.19375
0 0.6640625 0.44375 0.140625 0.14375
0 0.5921875 0.2890625 0.084375 0.153125
0 0.721875 0.2671875 0.175 0.134375
0 0.903125 0.2546875 0.10625 0.146875
0 0.8015625 0.1359375 0.103125 0.109375
0 0.89375 0.121875 0.075 0.125
0 0.6765625 0.1296875 0.146875 0.159375
0 0.596875 0.103125 0.09375 0.2
0 0.9671875 0.2390625 0.065625 0.109375
0 0.2578125 0.8140625 0.515625 0.371875
