0 0.2765625 0.1296875 0.034375 0.028125
0 0.24375 0.1296875 0.0375 0.021875
0 0.2609375 0.1171875 0.028125 0.015625
0 0.2265625 0.128125 0.028125 0.025
0 0.6953125 0.1796875 0.309375 0.359375
0 0.50625 0.23125 0.2125 0.25625
0 0.840625 0.1421875 0.225 0.284375
0 0.534375 0.065625 0.175 0.13125
0 0.0578125 0.8453125 0.115625 0.309375
0 0.13125 0.8921875 0.15625 0.215625
0 0.028125 0.725 0.05625 0.175
0 0.271875 0.85 0.15 0.2375
0 0.05625 0.640625 0.1125 0.18125
0 0.1734375 0.734375 0.078125 0.1375
0 0.440625 0.7390625 0.08125 0.071875
0 0.4734375 0.746875 0.065625 0.0375
0 0.6421875 0.7015625 0.140625 0.103125
