0 0.278125 0.021875 0.175 0.04375
0 0.9265625 0.2359375 0.146875 0.296875
0 0.821875 0.215625 0.15 0.28125
0 0.6875 0.20625 0.18125 0.29375
0 0.6 0.0640625 0.15 0.128125
0 0.73125 0.0359375 0.125 0.071875
0 0.94375 0.046875 0.1125 0.09375
0 0.515625 0.2171875 0.175 0.265625
0 0.296875 0.7515625 0.1875 0.159375
0 0.1484375 0.753125 0.109375 0.175
0 0.6359375 0.7953125 0.284375 0.409375
0 0.928125 0.7265625 0.14375 0.440625
0 0.834375 0.6171875 0.15625 0.378125
0 0.4890625 0.746875 0.121875 0.2625
0 0.715625 0.5953125 0.175 0.240625
0 0.815625 0.8453125 0.19375 0.259375
0 0.5328125 0.9015625 0.178125 0.196875
