0 0.3984375 0.3703125 0.121875 0.109375
0 0.8328125 0.4 0.240625 0.2375
0 0.8984375 0.484375 0.203125 0.06875
0 0.7921875 0.2140625 0.234375 0.209375
0 0.940625 0.290625 0.11875 0.2375
0 0.665625 0.403125 0.175 0.20625
0 0.50625 0.078125 0.09375 0.15625
0 0.728125 0.065625 0.28125 0.13125
0 0.1828125 0.9578125 0.365625 0.084375
0 0.365625 0.89375 0.1875 0.2125
0 0.5015625 0.978125 0.084375 0.04375
0 0.9140625 0.9140625 0.171875 0.171875
0 0.6765625 0.9125 0.084375 0.13125
0 0.6296875 0.825 0.078125 0.06875
