0 0.1578125 0.0140625 0.065625 0.028125
0 0.246875 0.0046875 0.04375 0.009375
0 0.2765625 0.0078125 0.028125 0.015625
0 0.3015625 0.0078125 0.028125 0.015625
0 0.553125 0.2296875 0.05 0.178125
0 0.0453125 0.896875 0.090625 0.20625
0 0.165625 0.8375 0.1625 0.19375
0 0.2890625 0.7578125 0.184375 0.203125
0 0.034375 0.6671875 0.06875 0.121875
0 0.16875 0.6546875 0.10625 0.146875
0 0.0671875 0.5546875 0.103125 0.071875
0 0.159375 0.5515625 0.075 0.065625
0 0.2515625 0.6390625 0.103125 0.109375
0 0.8421875 0.5875 0.128125 0.1375
0 0.9703125 0.8859375 0.059375 0.228125
0 0.934375 0.5421875 0.11875 0.046875
0 0.7671875 0.5484375 0.184375 0.059375
0 0.6296875 0.765625 0.103125 0.175
0 0.88125 0.79375 0.0875 0.175
0 0.565625 0.6859375 0.075 0.309375
0 0.9609375 0.790625 0.078125 0.20625
0 0.9546875 0.6484375 0.090625 0.171875
