0 0.175 0.25 0.10625 0.06875
0 0.040625 0.265625 0.08125 0.0625
0 0.115625 0.2734375 0.0625 0.046875
0 0.365625 0.290625 0.10625 0.05625
0 0.2734375 0.2953125 0.084375 0.040625
0 0.253125 0.28125 0.1 0.05
0 0.85625 0.078125 0.2875 0.15625
0 0.665625 0.209375 0.175 0.28125
0 0.8015625 0.253125 0.321875 0.19375
0 0.2890625 0.775 0.578125 0.45
0 0.803125 0.4796875 0.0875 0.096875
0 0.7296875 0.528125 0.071875 0.08125
0 0.7984375 0.5484375 0.078125 0.059375
0 0.8671875 0.5265625 0.078125 0.096875
0 0.7109375 0.4890625 0.065625 0.078125
