0 0.1015625 0.1890625 0.128125 0.115625
0 0.0375 0.125 0.075 0.25
0 0.1171875 0.10625 0.209375 0.2125
0 0.2796875 0.8578125 0.234375 0.284375
0 0.1734375 0.628125 0.215625 0.4
0 0.309375 0.60625 0.14375 0.18125
0 0.11875 0.928125 0.1625 0.14375
0 0.0328125 0.790625 0.065625 0.2375
0 0.378125 0.815625 0.15625 0.2375
0 0.965625 0.35625 0.06875 0.2125
0 0.74375 0.5296875 0.225 0.359375
0 0.809375 0.775 0.24375 0.40625
0 0.9296875 0.796875 0.140625 0.40625
0 0.5796875 0.634375 0.159375 0.35625
0 0.6234375 0.353125 0.246875 0.20625
0 0.7859375 0.3078125 0.234375 0.115625
0 0.915625 0.4265625 0.16875 0.196875
