0 0.2984375 0.4109375 0.378125 0.253125
0 0.978125 0.109375 0.04375 0.21875
0 0.8984375 0.071875 0.140625 0.14375
0 0.9328125 0.29375 0.134375 0.3
0 0.7765625 0.1515625 0.184375 0.303125
0 0.81875 0.378125 0.175 0.28125
0 0.5921875 0.103125 0.203125 0.20625
0 0.5640625 0.371875 0.153125 0.4125
0 0.68125 0.3703125 0.1 0.284375
0 0.4515625 0.9140625 0.071875 0.171875
0 0.2921875 0.934375 0.259375 0.13125
0 0.2828125 0.6984375 0.115625 0.078125
0 0.2765625 0.815625 0.196875 0.18125
0 0.4296875 0.8265625 0.115625 0.240625
0 0.0796875 0.878125 0.159375 0.24375
0 0.0625 0.6875 0.125 0.05625
0 0.54375 0.9578125 0.1125 0.084375
0 0.8203125 0.98125 0.096875 0.0375
