0 0.3671875 0.1203125 0.071875 0.053125
0 0.6125 0.3234375 0.1625 0.159375
0 0.478125 0.5421875 0.11875 0.153125
0 0.9109375 0.365625 0.096875 0.14375
0 0.4765625 0.24375 0.078125 0.1125
0 0.203125 0.878125 0.2 0.18125
0 0.0171875 0.88125 0.034375 0.13125
0 0.3609375 0.94375 0.115625 0.1125
0 0.0171875 0.71875 0.034375 0.1375
0 0.0765625 0.7015625 0.109375 0.159375
0 0.1375 0.765625 0.08125 0.0875
0 0.584375 0.809375 0.33125 0.38125
0 0.8484375 0.809375 0.303125 0.38125
0 0.921875 0.7828125 0.15625 0.328125
0 0.65 0.7078125 0.13125 0.178125
