0 0.265625 0.053125 0.10625 0.10625
0 0.234375 0.115625 0.11875 0.11875
0 0.1875 0.053125 0.14375 0.10625
0 0.5109375 0.0828125 0.103125 0.153125
0 0.6109375 0.0953125 0.103125 0.159375
0 0.8875 0.0796875 0.225 0.159375
0 0.3734375 0.04375 0.084375 0.0875
0 0.7453125 0.13125 0.128125 0.1375
0 0.421875 0.015625 0.1 0.03125
0 0.64375 0.80625 0.26875 0.3875
0 0.4671875 0.7546875 0.234375 0.340625
0 0.725 0.5359375 0.20625 0.284375
0 0.825 0.7140625 0.18125 0.321875
0 0.9140625 0.6546875 0.171875 0.390625
0 0.559375 0.59375 0.1875 0.24375
