0 0.1171875 0.428125 0.234375 0.11875
0 0.634375 0.146875 0.31875 0.25
0 0.553125 0.065625 0.2875 0.13125
0 0.5671875 0.0109375 0.246875 0.021875
0 0.371875 0.9671875 0.075 0.065625
0 0.7 0.79375 0.2 0.25625
0 0.465625 0.7140625 0.1125 0.203125
0 0.509375 0.8265625 0.2 0.159375
0 0.9796875 0.728125 0.040625 0.20625
0 0.85 0.7578125 0.1625 0.178125
0 0.5890625 0.5203125 0.140625 0.065625
0 0.4703125 0.55 0.121875 0.125
0 0.7703125 0.5546875 0.153125 0.134375
0 0.8984375 0.6265625 0.115625 0.234375
