0 0.21875 0.15625 0.31875 0.3125
0 0.609375 0.0734375 0.10625 0.053125
0 0.125 0.5296875 0.06875 0.046875
0 0.165625 0.525 0.04375 0.0375
0 0.6421875 0.934375 0.253125 0.13125
0 0.6375 0.828125 0.2 0.225
0 0.4640625 0.8234375 0.171875 0.246875
0 0.6046875 0.428125 0.215625 0.18125
0 0.5921875 0.6046875 0.265625 0.284375
0 0.925 0.9203125 0.15 0.159375
0 0.9015625 0.7546875 0.134375 0.215625
0 0.81875 0.540625 0.20625 0.2125
0 0.459375 0.928125 0.1625 0.14375
0 0.434375 0.6203125 0.1125 0.165625
