0 0.01875 0.059375 0.0375 0.11875
0 0.303125 0.090625 0.13125 0.10625
0 0.18125 0.0890625 0.175 0.103125
0 0.1328125 0.0703125 0.134375 0.084375
0 0.959375 0.3046875 0.0625 0.040625
0 0.934375 0.290625 0.05 0.03125
0 0.978125 0.2921875 0.04375 0.046875
0 0.1578125 0.8265625 0.253125 0.259375
0 0.353125 0.80625 0.16875 0.2625
0 0.0328125 0.690625 0.065625 0.25625
0 0.1640625 0.7078125 0.259375 0.234375
0 0.5453125 0.709375 0.215625 0.58125
0 0.765625 0.7578125 0.46875 0.484375
0 0.8484375 0.6546875 0.303125 0.471875
0 0.540625 0.621875 0.14375 0.2125
