0 0.6140625 0.1859375 0.090625 0.109375
0 0.6890625 0.1625 0.115625 0.14375
0 0.8578125 0.1796875 0.103125 0.128125
0 0.9546875 0.1734375 0.090625 0.146875
0 0.8609375 0.0921875 0.096875 0.134375
0 0.121875 0.378125 0.04375 0.05
0 0.13125 0.4359375 0.075 0.046875
0 0.1765625 0.434375 0.065625 0.04375
0 0.2421875 0.4359375 0.084375 0.040625
0 0.925 0.94375 0.15 0.1125
0 0.7078125 0.9421875 0.165625 0.115625
0 0.8078125 0.978125 0.103125 0.04375
0 0.775 0.89375 0.15625 0.1875
0 0.915625 0.81875 0.11875 0.21875
0 0.68125 0.6921875 0.10625 0.178125
0 0.7046875 0.56875 0.090625 0.14375
0 0.884375 0.6171875 0.1 0.190625
