0 0.14375 0.4109375 0.2875 0.553125
0 0.8546875 0.340625 0.084375 0.06875
0 0.9390625 0.3484375 0.090625 0.065625
0 0.7640625 0.33125 0.090625 0.05625
0 0.6921875 0.325 0.065625 0.05625
0 0.434375 0.2578125 0.08125 0.046875
0 0.9578125 0.5078125 0.084375 0.115625
0 0.0984375 0.9078125 0.071875 0.084375
0 0.1796875 0.9828125 0.065625 0.034375
0 0.225 0.88125 0.0625 0.075
0 0.2453125 0.9859375 0.065625 0.028125
0 0.659375 0.890625 0.26875 0.21875
0 0.653125 0.771875 0.2 0.16875
0 0.4625 0.775 0.20625 0.175
0 0.9328125 0.878125 0.134375 0.24375
0 0.9171875 0.7328125 0.134375 0.090625
0 0.346875 0.859375 0.11875 0.28125
0 0.4703125 0.8859375 0.171875 0.228125
