0 0.3125 0.4921875 0.34375 0.153125
0 0.865625 0.5203125 0.15625 0.096875
0 0.9734375 0.475 0.053125 0.1875
0 0.771875 0.3640625 0.10625 0.178125
0 0.540625 0.2640625 0.08125 0.146875
0 0.7953125 0.240625 0.090625 0.14375
0 0.9625 0.2890625 0.075 0.190625
0 0.4765625 0.6203125 0.046875 0.103125
0 0.4390625 0.690625 0.071875 0.1375
0 0.4859375 0.721875 0.028125 0.1125
0 0.15 0.8828125 0.05625 0.159375
0 0.6421875 0.890625 0.190625 0.21875
0 0.821875 0.896875 0.225 0.20625
0 0.7734375 0.7140625 0.253125 0.290625
0 0.94375 0.821875 0.1125 0.24375
0 0.94375 0.65625 0.1125 0.175
0 0.5953125 0.7171875 0.146875 0.178125
