0 0.05625 0.203125 0.1125 0.175
0 0.746875 0.328125 0.15625 0.1
0 0.890625 0.303125 0.15625 0.15
0 0.9640625 0.2453125 0.071875 0.190625
0 0.6546875 0.31875 0.140625 0.11875
0 0.55625 0.178125 0.1375 0.15
0 0.7109375 0.1546875 0.165625 0.121875
0 0.89375 0.1421875 0.10625 0.146875
0 0.7921875 0.0390625 0.103125 0.078125
0 0.884375 0.0359375 0.075 0.071875
0 0.6671875 0.0484375 0.146875 0.096875
0 0.58125 0.0453125 0.10625 0.090625
0 0.9625 0.1265625 0.075 0.109375
0 0.2484375 0.9359375 0.140625 0.128125
0 0.096875 0.9203125 0.1 0.159375
0 0.2 0.64375 0.13125 0.1125
0 0.190625 0.8140625 0.175 0.146875
0 0.040625 0.89375 0.08125 0.2125
0 0.459375 0.6515625 0.05625 0.103125
0 0.609375 0.4453125 0.09375 0.134375
0 0.6875 0.63125 0.14375 0.15625
0 0.565625 0.521875 0.11875 0.1125
0 0.509375 0.5640625 0.04375 0.096875
0 0.63125 0.946875 0.19375 0.10625
0 0.759375 0.559375 0.05625 0.11875
