0 0.28125 0.234375 0.10625 0.05625
0 0.7734375 0.3640625 0.109375 0.209375
0 0.6609375 0.86875 0.115625 0.2625
0 0.6421875 0.6484375 0.134375 0.228125
0 0.5171875 0.596875 0.140625 0.18125
0 0.559375 0.8375 0.15 0.3
0 0.3953125 0.6921875 0.184375 0.309375
0 0.4375 0.890625 0.175 0.21875
0 0.2109375 0.615625 0.203125 0.26875
0 0.1484375 0.8546875 0.221875 0.290625
0 0.3 0.8859375 0.1 0.228125
0 0.04375 0.821875 0.0875 0.3375
0 0.9109375 0.9546875 0.090625 0.090625
0 0.9765625 0.884375 0.046875 0.20625
