0 0.6265625 0.1796875 0.053125 0.203125
0 0.7421875 0.228125 0.196875 0.2
0 0.9125 0.25 0.1625 0.15625
0 0.9484375 0.2375 0.103125 0.18125
0 0.8921875 0.1078125 0.140625 0.165625
0 0.653125 0.03125 0.10625 0.0625
0 0.76875 0.090625 0.18125 0.16875
0 0.4015625 0.778125 0.396875 0.44375
0 0.2203125 0.8578125 0.153125 0.284375
0 0.109375 0.8171875 0.14375 0.365625
0 0.0234375 0.796875 0.046875 0.225
0 0.7671875 0.653125 0.096875 0.16875
0 0.965625 0.6875 0.06875 0.2
0 0.85 0.6484375 0.1 0.184375
0 0.671875 0.5984375 0.1 0.184375
