0 0.45625 0.025 0.04375 0.05
0 0.83125 0.18125 0.3375 0.3
0 0.7875 0.0390625 0.26875 0.078125
0 0.6421875 0.134375 0.240625 0.2
0 0.4390625 0.80625 0.078125 0.3375
0 0.1265625 0.8375 0.221875 0.31875
0 0.303125 0.85 0.20625 0.25
0 0.2265625 0.5421875 0.315625 0.246875
0 0.3609375 0.396875 0.153125 0.05625
0 0.7359375 0.8640625 0.278125 0.271875
0 0.73125 0.69375 0.2 0.225
0 0.5609375 0.6890625 0.165625 0.246875
0 0.6859375 0.490625 0.265625 0.24375
0 0.971875 0.8421875 0.05625 0.271875
0 0.9640625 0.6203125 0.071875 0.215625
0 0.9046875 0.440625 0.190625 0.14375
0 0.55625 0.8609375 0.15625 0.278125
0 0.53125 0.4859375 0.10625 0.165625
