0 0.671875 0.0734375 0.4 0.146875
0 0.7640625 0.20625 0.215625 0.125
0 0.9171875 0.1890625 0.165625 0.159375
0 0.5859375 0.234375 0.234375 0.06875
0 0.2796875 0.65 0.059375 0.08125
0 0.265625 0.553125 0.05625 0.10625
0 0.5328125 0.4640625 0.128125 0.246875
0 0.4953125 0.6796875 0.053125 0.271875
0 0.7875 0.8515625 0.2375 0.296875
0 0.740625 0.6515625 0.2 0.203125
0 0.915625 0.7734375 0.16875 0.346875
0 0.821875 0.4328125 0.14375 0.203125
0 0.9328125 0.5625 0.134375 0.16875
0 0.6421875 0.5125 0.121875 0.16875
0 0.615625 0.8 0.225 0.39375
