0 0.3421875 0.3703125 0.034375 0.021875
0 0.309375 0.3703125 0.0375 0.021875
0 0.3265625 0.3578125 0.028125 0.015625
0 0.2921875 0.36875 0.028125 0.025
0 0.7125 0.4 0.1 0.0625
0 0.575 0.4171875 0.0875 0.053125
0 0.653125 0.4234375 0.0625 0.046875
0 0.9046875 0.440625 0.109375 0.06875
0 0.8109375 0.446875 0.084375 0.0375
0 0.790625 0.43125 0.1 0.04375
0 0.15 0.9546875 0.125 0.090625
0 0.4703125 0.934375 0.221875 0.13125
0 0.765625 0.8234375 0.15 0.165625
0 0.509375 0.86875 0.29375 0.19375
0 0.8 0.978125 0.1 0.04375
0 0.828125 0.934375 0.18125 0.13125
