0 0.0234375 0.3359375 0.046875 0.121875
0 0.3140625 0.365625 0.128125 0.0875
0 0.19375 0.3703125 0.16875 0.078125
0 0.1453125 0.353125 0.134375 0.08125
0 0.659375 0.06875 0.2 0.1375
0 0.6984375 0.1765625 0.278125 0.315625
0 0.59375 0.2515625 0.06875 0.315625
0 0.853125 0.2734375 0.2625 0.271875
0 0.675 0.3703125 0.225 0.078125
0 0.546875 0.9703125 0.025 0.059375
0 0.3859375 0.8453125 0.084375 0.078125
0 0.6578125 0.9046875 0.196875 0.190625
0 0.8140625 0.771875 0.065625 0.075
0 0.7734375 0.725 0.065625 0.075
