0 0.3984375 0.4078125 0.509375 0.240625
0 0.7890625 0.4453125 0.146875 0.165625
0 0.9015625 0.4890625 0.153125 0.078125
0 0.728125 0.46875 0.05625 0.11875
0 0.759375 0.390625 0.11875 0.1625
0 0.81875 0.30625 0.125 0.18125
0 0.7359375 0.2640625 0.071875 0.128125
0 0.9421875 0.4 0.078125 0.1375
0 0.334375 0.89375 0.15625 0.2125
0 0.21875 0.8875 0.15 0.225
0 0.0875 0.8796875 0.175 0.240625
0 0.0359375 0.709375 0.071875 0.2375
0 0.128125 0.671875 0.125 0.2
0 0.3546875 0.728125 0.140625 0.13125
0 0.478125 0.88125 0.175 0.2375
0 0.5359375 0.74375 0.178125 0.225
0 0.6140625 0.91875 0.171875 0.1625
0 0.778125 0.8796875 0.15625 0.240625
0 0.7984375 0.7640625 0.196875 0.446875
0 0.9171875 0.75625 0.165625 0.30625
