0 0.103125 0.115625 0.20625 0.23125
0 0.271875 0.2546875 0.29375 0.203125
0 0.7421875 0.240625 0.253125 0.2375
0 0.50625 0.19375 0.175 0.25
0 0.6578125 0.125 0.196875 0.25
0 0.91875 0.2484375 0.1625 0.221875
0 0.9125 0.1 0.175 0.18125
0 0.6125 0.3203125 0.18125 0.078125
0 0.484375 0.928125 0.13125 0.14375
0 0.5515625 0.9171875 0.128125 0.159375
0 0.9234375 0.709375 0.103125 0.16875
0 0.9875 0.8 0.025 0.15
0 0.75 0.846875 0.15625 0.18125
0 0.665625 0.890625 0.1875 0.1375
0 0.8609375 0.8625 0.103125 0.10625
0 0.9 0.8125 0.15 0.175
