0 0.0890625 0.4015625 0.178125 0.165625
0 0.184375 0.4921875 0.3125 0.090625
0 0.91875 0.4140625 0.1625 0.240625
0 0.75625 0.4109375 0.20625 0.246875
0 0.903125 0.053125 0.19375 0.10625
0 0.884375 0.1921875 0.23125 0.284375
0 0.6125 0.4640625 0.175 0.146875
0 0.7640625 0.490625 0.171875 0.09375
0 0.7203125 0.2078125 0.159375 0.165625
0 0.2703125 0.846875 0.159375 0.1625
0 0.203125 0.9609375 0.325 0.078125
0 0.528125 0.7140625 0.2375 0.353125
0 0.915625 0.7 0.16875 0.325
0 0.771875 0.64375 0.1875 0.2125
