0 0.1484375 0.275 0.059375 0.03125
0 0.1921875 0.2796875 0.053125 0.028125
0 0.6140625 0.51875 0.171875 0.1
0 0.7796875 0.5484375 0.190625 0.040625
0 0.728125 0.421875 0.21875 0.175
0 0.5953125 0.446875 0.134375 0.14375
0 0.5609375 0.38125 0.065625 0.1875
0 0.146875 0.65625 0.1 0.0625
0 0.0265625 0.671875 0.053125 0.05625
0 0.0875 0.68125 0.0625 0.04375
0 0.3390625 0.696875 0.103125 0.05625
0 0.2453125 0.703125 0.084375 0.0375
0 0.225 0.6875 0.1 0.04375
0 0.8 0.9125 0.18125 0.175
0 0.903125 0.9015625 0.14375 0.196875
