0 0.203125 0.24375 0.06875 0.04375
0 0.2921875 0.2234375 0.046875 0.040625
0 0.321875 0.2359375 0.025 0.021875
0 0.346875 0.234375 0.025 0.025
0 0.196875 0.9671875 0.11875 0.065625
0 0.296875 0.971875 0.125 0.05625
0 0.5796875 0.959375 0.240625 0.08125
0 0.5390625 0.809375 0.228125 0.16875
0 0.25 0.79375 0.13125 0.14375
0 0.4875 0.728125 0.125 0.19375
0 0.0609375 0.9609375 0.084375 0.078125
0 0.109375 0.896875 0.1 0.1375
0 0.375 0.7421875 0.09375 0.109375
0 0.934375 0.934375 0.13125 0.13125
0 0.7921875 0.9203125 0.184375 0.159375
0 0.7703125 0.7890625 0.140625 0.134375
